single point
     mfgw_rest                      1.490347000000000    1.000000000000000    0.000000000000000
   mfgw_upland                      0.8305885911599999    1.000000000000000    0.000000000000000
    mk_rest_l1                      0.1890501649000000    1.000000000000000    0.000000000000000
    mk_rest_l2                      1.918593257800000    1.000000000000000    0.000000000000000
    mk_ring_l1                      0.7157678869000000    1.000000000000000    0.000000000000000
    mk_ring_l2                      0.5835687721000000    1.000000000000000    0.000000000000000
  mk_upland_l1                      0.5728828920110000    1.000000000000000    0.000000000000000
  mk_upland_l2                      0.3944690222230000    1.000000000000000    0.000000000000000
       mr_rest                      1.800000000000000    1.000000000000000    0.000000000000000
     mr_upland                      0.2415750280000000    1.000000000000000    0.000000000000000
