single point
     mfgw_rest                      1.484190356000000    1.000000000000000    0.000000000000000
   mfgw_upland                      0.8305885911599999    1.000000000000000    0.000000000000000
    mk_rest_l1                      0.1903399731000000    1.000000000000000    0.000000000000000
    mk_rest_l2                      2.002212727100000    1.000000000000000    0.000000000000000
    mk_ring_l1                      0.7159302921000000    1.000000000000000    0.000000000000000
    mk_ring_l2                      0.5845526578000000    1.000000000000000    0.000000000000000
  mk_upland_l1                      0.5732324615200000    1.000000000000000    0.000000000000000
  mk_upland_l2                      0.3957028426440000    1.000000000000000    0.000000000000000
       mr_rest                      1.752713300000000    1.000000000000000    0.000000000000000
     mr_upland                      0.2445003750000000    1.000000000000000    0.000000000000000
