single point
     mfgw_rest                      1.048122810000000    1.000000000000000    0.000000000000000
   mfgw_upland                      1.000001391020000    1.000000000000000    0.000000000000000
    mk_rest_l1                      0.9568581115000000    1.000000000000000    0.000000000000000
    mk_rest_l2                      1.464463028200000    1.000000000000000    0.000000000000000
    mk_ring_l1                      0.9987925434000000    1.000000000000000    0.000000000000000
    mk_ring_l2                      0.9994452369000000    1.000000000000000    0.000000000000000
  mk_upland_l1                      0.9833962249240000    1.000000000000000    0.000000000000000
  mk_upland_l2                      0.9080565939840000    1.000000000000000    0.000000000000000
       mr_rest                      1.618176900000000    1.000000000000000    0.000000000000000
     mr_upland                      0.4467125290000000    1.000000000000000    0.000000000000000
