single point
     mfgw_rest                      1.666666667000000    1.000000000000000    0.000000000000000
   mfgw_upland                      0.8305885921900000    1.000000000000000    0.000000000000000
    mk_rest_l1                      0.1192929430000000    1.000000000000000    0.000000000000000
    mk_rest_l2                      1.826692558600000    1.000000000000000    0.000000000000000
    mk_ring_l1                      0.7285974768000000    1.000000000000000    0.000000000000000
    mk_ring_l2                      0.5367348136000000    1.000000000000000    0.000000000000000
  mk_upland_l1                      0.5337272097410000    1.000000000000000    0.000000000000000
  mk_upland_l2                      0.3096202034650000    1.000000000000000    0.000000000000000
       mr_rest                      1.800000000000000    1.000000000000000    0.000000000000000
     mr_upland                      0.2000000000000000    1.000000000000000    0.000000000000000
