single point
     mfgw_rest                      1.620721568000000    1.000000000000000    0.000000000000000
   mfgw_upland                      0.8305885924999999    1.000000000000000    0.000000000000000
    mk_rest_l1                      0.1269002223000000    1.000000000000000    0.000000000000000
    mk_rest_l2                      1.787988156000000    1.000000000000000    0.000000000000000
    mk_ring_l1                      0.7275610642000000    1.000000000000000    0.000000000000000
    mk_ring_l2                      0.5407618622000000    1.000000000000000    0.000000000000000
  mk_upland_l1                      0.5391477908030000    1.000000000000000    0.000000000000000
  mk_upland_l2                      0.3212507623420000    1.000000000000000    0.000000000000000
       mr_rest                      1.800000000000000    1.000000000000000    0.000000000000000
     mr_upland                      0.2096696190000000    1.000000000000000    0.000000000000000
