single point
          mfgw                      1.666700000000000    1.000000000000000    0.000000000000000
    mk_rest_l1                      0.1191880532000000    1.000000000000000    0.000000000000000
    mk_rest_l2                      1.827268311100000    1.000000000000000    0.000000000000000
    mk_ring_l1                      1.062861384800000    1.000000000000000    0.000000000000000
    mk_ring_l2                      0.8118432420000000    1.000000000000000    0.000000000000000
  mk_upland_l1                      0.7616236124130000    1.000000000000000    0.000000000000000
  mk_upland_l2                      0.3095968281120000    1.000000000000000    0.000000000000000
       mr_rest                      1.800000000000000    1.000000000000000    0.000000000000000
     mr_upland                      0.2000000000000000    1.000000000000000    0.000000000000000
