single point
     mfgw_rest                      1.666670000000000    1.000000000000000    0.000000000000000
   mfgw_upland                      1.000000000200000    1.000000000000000    0.000000000000000
    mk_rest_l1                      2.222222222200000    1.000000000000000    0.000000000000000
    mk_rest_l2                      2.153518130000000    1.000000000000000    0.000000000000000
    mk_ring_l1                      0.4758262325000000    1.000000000000000    0.000000000000000
    mk_ring_l2                      1.111110000000000    1.000000000000000    0.000000000000000
  mk_upland_l1                      1.000000000277000    1.000000000000000    0.000000000000000
  mk_upland_l2                      1.000000000300000    1.000000000000000    0.000000000000000
       mr_rest                      1.800000000000000    1.000000000000000    0.000000000000000
     mr_upland                      1.000000000000000    1.000000000000000    0.000000000000000
