single point
          mfgw                      1.036000000000000    1.000000000000000    0.000000000000000
    mk_rest_l1                      0.9550906300999999    1.000000000000000    0.000000000000000
    mk_rest_l2                      1.474223719200000    1.000000000000000    0.000000000000000
    mk_ring_l1                      1.000465290100000    1.000000000000000    0.000000000000000
    mk_ring_l2                      0.9969255013000000    1.000000000000000    0.000000000000000
  mk_upland_l1                      0.9854541325900000    1.000000000000000    0.000000000000000
  mk_upland_l2                      0.9014338800830000    1.000000000000000    0.000000000000000
       mr_rest                      1.625662400000000    1.000000000000000    0.000000000000000
     mr_upland                      0.4452500910000000    1.000000000000000    0.000000000000000
