single point
          mfgw                      1.479900000000000    1.000000000000000    0.000000000000000
    mk_rest_l1                      0.1902520145000000    1.000000000000000    0.000000000000000
    mk_rest_l2                      2.005540623300000    1.000000000000000    0.000000000000000
    mk_ring_l1                      0.8755606198000000    1.000000000000000    0.000000000000000
    mk_ring_l2                      0.6406933021000000    1.000000000000000    0.000000000000000
  mk_upland_l1                      0.5987314102210000    1.000000000000000    0.000000000000000
  mk_upland_l2                      0.3949793677120000    1.000000000000000    0.000000000000000
       mr_rest                      1.754736700000000    1.000000000000000    0.000000000000000
     mr_upland                      0.2443000190000000    1.000000000000000    0.000000000000000
