single point
          mfgw                      1.484200000000000    1.000000000000000    0.000000000000000
    mk_rest_l1                      0.1889250292000000    1.000000000000000    0.000000000000000
    mk_rest_l2                      1.925870014500000    1.000000000000000    0.000000000000000
    mk_ring_l1                      0.8753767889000000    1.000000000000000    0.000000000000000
    mk_ring_l2                      0.6396046770000000    1.000000000000000    0.000000000000000
  mk_upland_l1                      0.5982036958469999    1.000000000000000    0.000000000000000
  mk_upland_l2                      0.3936940617380000    1.000000000000000    0.000000000000000
       mr_rest                      1.800000000000000    1.000000000000000    0.000000000000000
     mr_upland                      0.2413254750000000    1.000000000000000    0.000000000000000
