single point
          mfgw                      1.619000000000000    1.000000000000000    0.000000000000000
    mk_rest_l1                      0.1268792178000000    1.000000000000000    0.000000000000000
    mk_rest_l2                      1.805684298300000    1.000000000000000    0.000000000000000
    mk_ring_l1                      0.8755860140000000    1.000000000000000    0.000000000000000
    mk_ring_l2                      0.6023803666999999    1.000000000000000    0.000000000000000
  mk_upland_l1                      0.5635310356790000    1.000000000000000    0.000000000000000
  mk_upland_l2                      0.3210928663780000    1.000000000000000    0.000000000000000
       mr_rest                      1.800000000000000    1.000000000000000    0.000000000000000
     mr_upland                      0.2096154500000000    1.000000000000000    0.000000000000000
