-6 -6 -6 -6 -6 -6 -6 -6 -6 0 
0 0 0 0 0 0 0 0 0 0 
0 -6 -6 -6 -6 -6 -6 -6 -6 -6 
-6 -6 -6 -6 -6 -6 -6 -6 -6 -6 
-6 -6 -6 -6 -9 -9 -9 -9 -6 -6 
-6 -8 -8 -8 -8 -8 -8 -8 -8 -8 
-8 -8 -8 -8 -6 -6 -6 -6 -6 -6 
-6 -6 -6 -6 -6 -6 -6 -6 -6 -6 
1 1 1 1 1 1 1 1 1 1 
1 1 1 1 1 1 1 1 1 1 
1 1 1 1 1 1 1 1 1 1 
1 1 -7 -7 -7 -7 -7 -7 -7 -7 
-7 -7 -7 -7 -7 -7 -7 -7 0 0 
0 0 0 0 0 0 0 0 0 0 
0 0 0 0 4 4 4 4 4 4 
4 4 4 4 4 4 4 4 4 4 
1 1 1 1 1 1 1 1 1 1 
1 1 1 1 1 1 0 0 0 0 
0 0 0 0 0 0 0 0 0 0 
-9 -9 -9 -9 -9 -9 -2 -2 -2 -2 
-2 -2 -2 -2 -2 -2 -2 -2 -2 -2 
-9 -9 -9 -6 -6 -6 -6 -6 -6 -6 
-6 -6 -6 -6 -6 -6 -6 -6 5 5 
5 5 5 5 5 5 5 5 5 5 
5 5 5 5 6 6 6 6 6 6 
6 6 6 6 6 6 6 5 5 5 
5 5 5 5 5 5 5 2 2 2 
2 2 2 2 2 2 2 2 2 2 
2 2 2 2 2 2 2 2 2 2 
2 2 2 0 0 0 0 0 0 0 
0 0 0 0 0 0 0 0 0 -8 
-8 -8 -8 -8 -8 -8 -8 -8 -8 -8 
-8 -8 -8 -8 -8 -6 -6 -6 -6 -6 
-6 -6 -6 -6 -6 -6 -6 -6 -6 -6 
-6 -6 -6 -6 -6 -6 -6 -6 -6 -6 
-6 -6 -6 -6 -6 -6 -6 -6 -6 -6 
-6 -6 -6 -6 -6 -6 -6 -6 -6 -6 
-6 -6 -6 1 1 1 1 1 1 1 
1 1 1 1 1 1 -9 -9 -9 -9 
-2 -2 -2 -2 -2 -2 -2 -2 -2 -2 
-2 -2 -2 6 6 6 6 6 6 6 
6 6 6 6 6 6 6 6 3 3 
3 3 3 3 3 3 3 3 3 3 
3 3 3 3 10 10 10 10 10 10 
10 10 10 10 10 10 10 7 7 7 
7 7 7 7 7 7 7 7 7 7 
7 7 7 0 0 0 0 0 0 0 
0 0 0 0 0 0 0 1 1 1 
1 1 1 1 1 1 1 1 1 1 
1 1 0 0 0 0 0 0 0 0 
0 0 0 0 0 0 0 0 7 7 
7 7 7 7 7 7 7 7 7 7 
7 7 7 7 7 7 7 7 7 7 
7 5 5 5 5 5 5 5 5 5 
5 6 6 6 6 6 6 6 3 3 
3 3 3 3 3 3 3 3 4 4 
4 4 4 4 4 4 4 4 1 1 
1 1 1 1 1 1 1 1 3 3 
3 3 3 3 3 3 3 3 8 8 
8 8 8 8 8 8 8 8 8 8 
8 4 4 4 4 4 4 4 4 4 
4 4 4 4 4 4 4 9 9 9 
9 9 9 9 9 9 9 9 9 9 
9 9 9 7 7 7 7 7 7 7 
7 7 7 7 7 7 7 7 7 2 
2 2 2 2 2 2 2 2 2 2 
2 2 2 2 2 -9 -9 -9 -9 -9 
-9 -9 -9 -9 -9 -9 -9 -9 0 0 
0 0 0 0 0 0 0 10 10 10 
10 10 10 10 10 10 10 10 10 10 
9 9 9 9 9 9 9 9 9 9 
9 9 9 9 9 9 8 8 8 8 
8 8 8 8 8 8 8 8 8 8 
8 8 9 9 9 9 9 9 9 9 
9 9 9 9 9 9 9 9 9 10 
10 10 10 9 9 9 9 4 4 4 
4 4 4 4 4 4 4 4 4 4 
4 4 3 3 3 3 2 2 2 2 
4 4 4 4 4 4 4 4 4 4 
6 6 6 6 6 6 6 6 6 6 
5 5 5 5 5 5 5 5 5 5 
5 5 5 2 2 2 2 2 2 2 
2 2 2 2 2 2 5 5 5 5 
5 5 5 4 4 4 4 4 4 4 
8 8 8 8 8 8 8 8 9 9 
9 9 9 9 9 9 12 12 12 12 
9 9 9 9 9 9 9 9 9 9 
9 9 9 -6 -6 -6 -6 -6 -6 -6 
-6 -6 -6 -6 -6 -6 -6 -6 -6 -6 
-6 -6 -6 -6 -6 -6 -6 -6 -6 -6 
-6 -6 -6 -6 -6 0 0 0 0 0 
0 0 0 0 0 0 0 0 -9 -9 
-9 -9 -9 -9 -9 -9 -9 -9 -2 -2 
-2 -2 -2 -2 9 9 9 9 9 9 
9 9 9 9 9 9 9 9 9 9 
9 9 9 9 9 9 9 10 10 10 
10 9 9 9 9 8 8 8 8 5 
8 8 8 8 7 7 5 6 6 6 
6 0 0 0 0 0 0 0 0 0 
0 7 7 7 7 7 7 7 8 8 
8 8 8 8 8 8 8 8 8 8 
8 8 8 8 8 8 8 8 4 4 
4 4 4 4 4 4 4 4 5 5 
5 5 5 5 5 5 5 5 6 6 
6 6 6 6 6 5 5 5 5 5 
5 5 11 13 13 12 12 3 3 3 
3 3 3 3 10 10 10 10 10 10 
10 10 10 10 10 10 10 -7 -7 -7 
-7 -7 -7 -7 -7 -7 -7 -7 -7 -7 
-7 -7 -7 -6 -6 -6 -6 -6 -6 -6 
-6 -6 -6 -6 -6 -6 -6 -6 -6 -6 
-6 -6 -6 -6 -6 -6 -6 -6 -6 -6 
-6 -6 -6 -6 -6 -6 -6 -6 -6 -6 
-6 -6 -6 -6 -6 -6 -6 -6 -6 -6 
-6 -6 -6 -6 -6 -6 -6 -6 -6 -6 
-6 -6 -6 -6 -6 -6 -1 -1 -1 -1 
-1 -1 -1 -1 -1 -1 -1 -1 -1 -1 
-1 -2 -2 -2 -2 -2 -2 -2 -2 -2 
-2 -2 -2 -2 -2 -2 -2 -2 -2 -2 
-2 -2 -2 1 1 1 1 1 1 1 
1 1 1 1 1 1 1 1 1 7 
7 7 7 7 7 7 7 7 7 3 
3 3 3 3 3 3 3 3 3 3 
3 3 4 4 4 4 4 4 4 0 
0 0 0 0 0 0 0 0 0 0 
0 0 0 0 0 0 4 4 4 4 
4 4 4 4 4 4 4 4 4 4 
4 4 5 5 5 5 5 5 5 5 
5 5 5 2 2 2 2 2 2 2 
5 5 5 5 5 5 5 1 6 6 
6 6 3 3 3 3 3 3 3 7 
7 7 7 7 7 7 3 3 3 3 
3 3 3 7 7 7 7 8 8 8 
8 8 8 8 8 8 8 7 7 7 
7 7 7 7 7 7 7 10 18 19 
15 14 14 17 17 17 17 16 16 16 
16 16 16 16 16 16 16 17 17 17 
17 17 17 17 17 17 17 11 11 11 
11 11 11 11 11 11 11 13 13 13 
13 13 13 13 13 13 13 13 13 13 
13 13 13 5 5 5 5 5 5 5 
5 5 5 5 5 5 5 5 5 -6 
-6 -6 -6 -6 -6 -6 -6 -6 -6 -6 
-6 -6 -6 -6 -6 6 6 6 6 6 
6 6 6 6 6 6 6 6 6 6 
6 7 7 7 7 7 7 7 7 7 
7 7 7 7 7 7 7 -2 -2 -2 
-2 0 0 0 0 0 0 0 0 0 
0 0 0 0 0 0 0 -3 -3 -3 
-3 -3 -3 -3 -3 -3 -3 -3 -3 -3 
-3 -3 -3 2 2 2 2 2 2 2 
2 2 2 2 2 2 2 2 2 7 
7 7 7 7 7 7 7 7 7 7 
7 7 6 6 6 6 6 6 6 6 
6 6 9 9 9 9 9 9 9 9 
9 9 9 9 9 9 9 9 -1 -1 
-1 -1 -1 -1 -1 -1 -1 -1 -1 -1 
-1 1 1 1 1 1 1 1 1 1 
1 1 1 1 3 3 3 3 3 3 
3 4 4 4 4 4 4 4 4 4 
4 4 4 4 5 5 5 5 4 4 
4 4 4 4 4 4 4 4 4 4 
4 4 6 6 6 6 8 4 15 5 
9 9 9 9 7 7 7 7 7 7 
7 7 7 7 7 7 7 10 10 10 
10 10 10 10 10 10 10 10 10 10 
19 19 19 19 19 19 19 19 19 19 
19 19 19 19 26 20 20 21 19 20 
19 5 9 9 9 9 7 7 7 7 
7 7 7 6 6 6 6 6 6 6 
6 6 6 7 7 7 7 9 9 9 
9 -2 -2 -2 -2 -2 -2 -2 -2 -2 
-2 -2 -2 -2 -2 -2 -2 -2 -2 -2 
-2 -2 -1 -1 -1 -1 -1 -1 -1 -1 
-1 -1 -1 -1 -1 -1 -1 -1 -1 -1 
-1 -1 -1 -1 -1 -1 -1 -1 -1 -1 
-1 1 1 1 1 1 1 1 1 1 
1 1 1 1 1 1 1 1 7 7 
7 7 7 7 7 7 7 7 8 8 
8 8 8 8 8 8 8 8 8 8 
8 8 8 8 11 11 11 11 11 11 
11 11 11 11 11 11 11 11 11 11 
9 9 9 9 9 9 9 4 4 4 
4 4 4 4 4 4 4 4 4 4 
3 3 3 3 3 3 3 3 3 3 
3 3 3 3 3 3 3 3 3 3 
2 2 2 2 2 2 2 7 5 5 
5 5 7 7 7 7 7 7 7 7 
7 7 7 7 7 7 7 7 19 19 
19 19 11 7 10 9 16 16 16 16 
16 16 16 15 15 15 15 15 15 15 
15 15 15 15 15 15 22 22 22 22 
22 22 22 22 22 22 22 22 22 14 
14 14 14 24 20 26 28 22 26 20 
8 10 9 7 5 8 -2 -2 -2 -2 
-2 -2 -2 -2 -2 -2 -2 -2 -2 -2 
-3 -3 -3 -3 -3 -3 -3 -3 -3 -3 
-3 -3 -3 -3 -3 -1 -1 -1 -1 -1 
-1 -1 -1 -1 -1 -1 -1 -1 -1 -1 
-1 -2 -2 -2 -2 -2 -2 -2 -2 -2 
-2 -2 -2 -2 -2 -2 -2 0 0 0 
0 0 0 0 0 0 0 0 0 0 
-1 -1 -1 -1 -1 -1 -1 8 8 8 
8 8 8 8 8 8 8 8 8 8 
4 4 4 4 4 4 4 4 4 4 
6 6 6 6 6 6 6 6 6 6 
6 6 6 6 6 6 6 6 6 6 
6 6 6 6 6 6 5 5 5 5 
6 6 6 6 6 6 6 6 6 6 
6 6 6 6 6 6 6 6 6 6 
6 6 6 4 4 4 4 4 4 4 
4 4 4 3 2 2 2 2 2 2 
2 9 9 9 9 6 6 6 6 6 
6 6 6 6 6 1 1 1 1 1 
1 1 1 1 1 1 1 1 8 8 
8 8 8 8 8 8 8 8 5 5 
5 5 10 7 9 10 10 10 10 10 
10 10 10 10 10 20 20 20 20 20 
20 20 21 21 21 21 21 21 21 27 
24 29 29 27 24 21 19 9 14 14 
10 4 9 -2 -2 -2 -2 -2 -2 -2 
-2 -2 -2 -2 -2 -2 -2 -2 -2 -2 
-2 0 0 0 0 0 0 0 0 0 
0 0 0 3 3 3 3 3 3 3 
3 3 3 3 3 3 3 3 3 1 
1 1 1 1 1 1 1 1 1 1 
1 1 1 1 1 7 7 7 7 7 
7 7 7 7 7 7 7 7 7 7 
7 0 0 0 0 0 0 0 0 0 
0 0 0 0 0 0 0 0 -1 -1 
-1 -1 -3 -3 -3 -3 -3 -3 -3 -3 
-3 -3 -3 -3 -3 -3 -3 -3 0 0 
0 0 0 0 0 0 0 0 0 0 
0 0 0 0 18 18 18 18 18 18 
18 18 18 18 18 18 18 5 5 5 
5 5 5 5 5 5 5 5 5 5 
5 5 5 5 5 5 5 5 5 5 
5 5 5 4 4 4 4 4 4 4 
4 4 4 4 4 4 4 4 4 2 
2 2 2 2 2 2 2 2 2 2 
2 2 2 2 2 2 2 2 2 2 
2 2 2 2 2 5 5 5 5 5 
5 5 5 5 5 6 6 6 6 6 
6 6 5 5 5 5 4 3 3 3 
3 3 3 3 3 3 3 12 12 12 
12 12 12 12 12 12 12 6 6 6 
6 4 4 4 4 4 4 4 4 4 
4 4 4 4 4 4 4 4 10 10 
10 10 10 10 10 10 5 9 11 11 
11 11 11 11 11 11 11 11 21 21 
21 21 16 25 10 28 28 27 23 20 
20 13 13 11 10 6 10 -16 -16 -16 
-16 -16 -16 -16 -14 -2 -2 -2 -2 -2 
-2 -2 -2 -2 -2 -2 -2 -2 -2 -2 
-2 -2 -2 -2 -2 -2 -2 -2 -2 -2 
1 1 1 1 1 1 1 1 1 1 
1 1 1 1 1 1 1 1 1 1 
1 1 1 1 0 0 0 0 0 0 
0 0 0 0 0 0 0 0 1 1 
1 1 1 1 1 1 1 1 1 1 
1 1 1 1 1 1 1 1 1 1 
1 1 1 1 1 1 1 1 1 1 
2 2 2 2 2 2 2 2 2 2 
2 2 2 2 2 2 2 2 2 2 
2 2 2 2 2 2 2 2 2 5 
5 5 5 5 5 5 5 5 5 5 
5 5 5 2 2 2 2 3 8 8 
8 8 2 2 2 2 0 0 0 0 
0 0 0 0 0 0 0 0 0 0 
0 0 5 5 5 5 5 5 5 5 
5 5 5 5 5 5 5 5 2 2 
2 2 2 2 2 2 2 2 2 2 
2 2 2 2 8 8 8 8 8 8 
8 8 8 8 8 8 8 8 8 8 
2 2 2 2 2 2 2 2 2 2 
2 2 2 2 2 2 1 1 1 1 
1 1 1 1 1 1 2 2 2 2 
2 2 2 2 2 2 2 2 2 2 
2 2 2 2 2 2 2 2 2 2 
2 2 2 2 2 4 4 4 4 6 
6 6 6 7 7 7 7 7 7 7 
7 7 7 5 5 5 5 5 5 5 
5 5 5 4 4 4 4 8 8 8 
8 10 9 10 12 12 12 12 9 9 
9 9 9 9 9 9 9 9 9 8 
12 12 12 12 19 19 19 20 21 22 
21 18 20 20 15 9 7 10 6 11 
-16 -16 -16 -16 -16 -16 -16 -16 -16 -16 
-16 -16 -16 -16 -16 -16 -16 -16 -16 -16 
-14 -14 -14 -14 -14 -14 -14 -14 -14 -14 
-14 1 1 1 1 1 1 1 1 1 
1 1 1 1 4 4 4 4 4 4 
4 4 4 4 4 4 4 4 4 4 
0 0 0 0 0 0 0 0 0 0 
0 0 0 0 0 0 0 0 0 0 
0 0 0 0 0 0 0 0 0 0 
0 0 1 1 1 1 1 1 1 1 
1 1 1 1 1 1 1 1 2 2 
2 2 2 2 2 2 2 2 3 3 
3 3 3 3 3 3 3 3 7 7 
7 7 7 7 7 7 7 7 7 7 
7 7 7 7 3 3 3 3 3 3 
3 3 3 3 3 3 3 3 3 3 
4 4 4 4 4 4 4 4 4 4 
2 2 2 2 2 2 2 2 2 2 
5 5 5 5 5 5 5 3 3 3 
3 1 1 1 1 4 6 -1 -2 -2 
-2 -2 2 2 2 2 2 2 2 2 
2 2 0 0 0 0 0 0 0 0 
0 0 3 3 3 3 3 3 3 3 
3 3 3 3 3 3 3 3 0 0 
0 0 0 0 0 0 0 0 0 0 
0 0 0 0 3 3 3 3 3 3 
3 3 3 3 3 3 3 3 3 3 
10 10 10 10 10 10 10 10 10 10 
10 10 10 10 10 10 5 5 5 5 
5 5 5 5 5 5 5 5 5 5 
5 5 2 2 2 2 2 2 2 2 
2 2 2 2 2 2 2 2 2 2 
2 2 2 2 2 2 2 2 2 2 
2 2 2 2 3 3 3 3 3 3 
3 3 3 3 3 3 3 3 3 3 
4 4 4 4 5 5 5 5 5 5 
5 5 5 5 7 7 7 7 7 7 
7 7 7 7 7 7 7 7 7 7 
7 7 7 7 7 7 7 7 7 7 
7 7 7 7 7 7 7 7 7 7 
7 7 7 9 9 9 9 11 11 8 
9 9 9 9 9 9 10 16 16 12 
14 10 15 18 17 18 18 14 16 12 
9 8 10 7 -16 -16 -16 -16 -16 -16 
-16 -16 -16 -16 -16 -16 -16 -16 -16 -16 
-16 -16 -16 -16 -16 -16 -16 -16 -6 -6 
-6 -6 -6 -6 -6 -6 -6 -6 -6 -6 
-6 -6 -6 -4 -4 -4 -4 -4 -4 -4 
-4 -4 -4 -4 -4 -4 -4 -4 -4 4 
4 4 4 4 4 4 4 4 4 4 
4 4 4 4 4 4 4 4 4 4 
4 4 4 4 4 4 4 4 4 4 
4 1 1 1 1 1 1 1 1 1 
1 1 1 1 1 1 1 2 2 2 
2 2 2 2 2 2 2 2 2 2 
2 2 2 5 5 5 5 5 5 5 
5 5 5 5 5 5 5 5 5 9 
9 9 9 9 9 9 9 9 9 13 
13 13 13 13 13 13 13 13 13 4 
4 4 4 2 5 3 3 3 3 3 
3 3 3 4 3 5 5 3 4 4 
0 2 2 2 2 2 2 2 2 2 
2 4 4 4 4 0 0 0 0 0 
0 0 0 0 0 0 0 0 0 0 
0 1 1 1 1 1 1 1 1 1 
1 1 1 1 1 1 1 2 2 2 
2 2 2 2 2 2 2 2 2 2 
2 2 2 2 2 2 2 2 2 2 
2 2 2 2 2 2 2 2 2 8 
8 8 8 8 8 8 8 8 8 8 
8 8 8 8 8 4 4 4 4 4 
4 4 4 4 4 4 4 4 4 4 
4 4 4 4 4 4 4 4 4 4 
4 4 4 4 4 4 4 4 4 4 
4 4 4 4 4 4 4 5 5 5 
5 5 5 5 5 5 5 5 5 5 
6 6 6 6 6 6 6 6 6 6 
6 6 6 6 6 6 6 6 6 6 
6 6 6 7 7 7 7 7 7 7 
7 7 7 7 7 7 7 7 7 8 
8 8 8 8 8 8 8 8 8 8 
8 8 8 8 8 9 9 9 9 9 
9 9 9 9 9 9 9 9 9 9 
9 9 9 9 9 9 9 9 15 15 
15 15 15 10 10 10 10 10 8 15 
15 15 15 10 10 19 16 16 10 16 
16 15 14 12 10 10 10 11 14 10 
12 -16 -16 -16 -16 -16 -16 -16 -16 -16 
-16 -16 26 26 26 26 26 26 26 26 
26 26 26 26 26 -16 -16 -16 -16 -16 
-16 -16 -16 -16 -16 -16 -16 -16 -16 -16 
-16 -16 -16 -16 -16 -16 -16 -16 -16 -16 
-16 -16 -16 -16 -16 -16 -16 6 6 6 
6 6 6 6 6 6 6 6 6 6 
6 6 6 -2 -2 -2 -2 -2 -2 -2 
-2 -2 -2 -2 -2 -2 -2 -2 -2 -3 
-3 -3 -3 -3 -3 -3 -3 -3 -3 -3 
-3 -3 -3 -3 -3 1 1 1 1 1 
1 1 1 1 1 1 1 1 1 1 
1 4 4 4 4 4 4 4 4 4 
4 4 4 4 4 4 4 4 4 4 
4 2 2 2 2 4 4 4 4 7 
7 7 7 11 5 6 7 11 7 1 
5 4 3 6 6 5 5 1 3 3 
3 3 2 3 3 3 3 3 3 3 
1 1 1 1 1 1 1 1 1 1 
0 0 0 0 0 0 0 0 0 0 
0 0 0 0 0 0 2 2 2 2 
2 2 2 2 2 2 4 4 4 4 
4 4 4 4 4 4 4 4 4 8 
8 8 8 8 8 8 8 8 8 8 
8 8 8 8 8 8 8 8 8 8 
8 8 8 8 8 8 8 8 8 8 
8 7 7 7 7 7 7 7 7 7 
7 7 7 7 8 8 8 8 8 8 
8 8 8 8 8 8 8 8 8 8 
8 8 8 8 8 8 8 8 8 8 
7 7 7 7 7 7 7 7 7 7 
8 8 8 8 8 8 8 8 8 8 
8 8 8 8 8 8 9 9 9 9 
9 9 9 9 9 9 9 9 9 12 
12 12 12 12 12 12 12 12 12 11 
11 11 11 11 11 11 13 12 12 12 
12 12 12 12 11 11 11 11 11 11 
11 11 11 11 9 18 18 18 18 19 
19 19 19 19 19 19 19 19 19 18 
20 19 17 13 15 16 15 13 10 10 
10 11 9 12 14 10 12 -16 -16 -16 
-16 -16 -16 -16 -16 -16 -16 -16 -16 -16 
1 1 1 1 1 1 1 1 1 1 
1 1 1 1 1 -9 -9 -9 -9 -9 
-9 -9 -9 -9 -9 -9 -9 -9 -9 -9 
-9 -16 -16 -16 -16 -16 -16 -16 -16 -16 
-16 -16 -16 -16 -16 -16 -16 12 12 12 
12 12 12 12 12 12 12 12 12 12 
12 12 12 4 4 4 4 4 4 4 
4 4 4 4 4 4 4 4 4 0 
0 0 0 0 0 0 0 0 0 0 
0 0 -2 -2 -2 -2 -2 -2 -2 -2 
-2 -2 8 8 8 8 8 8 8 8 
8 8 0 0 0 0 1 1 1 1 
3 3 3 3 2 3 6 7 8 9 
4 4 10 7 2 4 3 4 4 7 
4 6 5 6 6 6 6 6 6 6 
6 6 6 6 6 6 6 6 6 6 
6 6 6 6 6 3 3 3 3 3 
3 3 3 3 3 3 3 3 5 5 
5 5 5 5 5 5 5 5 5 5 
5 5 5 5 4 4 4 4 4 4 
4 4 4 4 4 4 4 4 4 4 
8 8 8 8 8 8 8 8 8 8 
8 8 8 8 8 8 9 9 9 9 
9 9 9 9 9 9 9 9 9 9 
9 9 9 9 9 9 9 9 9 9 
9 9 9 9 9 9 9 9 10 10 
10 10 10 10 10 10 10 10 10 10 
10 10 10 10 10 9 9 9 9 9 
9 9 10 10 10 10 10 10 10 10 
10 10 11 11 11 11 11 11 11 11 
11 11 11 11 11 11 11 11 17 17 
17 17 17 17 17 17 17 17 17 17 
17 17 17 17 13 13 13 13 13 13 
13 13 13 13 9 14 14 14 14 10 
10 10 10 10 10 10 10 19 17 17 
17 17 13 14 14 16 10 10 11 13 
11 9 10 11 9 10 11 11 9 10 
-15 -10 -10 -10 -10 -10 -10 -10 -10 -10 
-10 -10 0 0 0 0 0 0 0 0 
0 0 0 0 0 0 0 0 0 0 
0 0 0 0 0 0 0 0 0 0 
0 0 0 0 1 1 1 1 1 1 
1 1 1 1 1 1 1 1 1 1 
0 0 0 0 0 0 0 0 0 0 
0 0 0 2 2 2 2 2 2 2 
2 2 2 7 7 7 7 7 7 7 
6 6 6 6 1 1 1 1 1 13 
0 5 3 3 2 4 6 2 5 4 
5 1 2 5 5 4 3 6 5 5 
5 8 10 10 9 9 9 9 11 11 
11 11 11 11 11 11 11 11 11 11 
11 11 11 11 10 10 10 10 10 10 
10 10 10 10 10 10 10 10 10 10 
10 10 10 10 10 10 10 10 10 10 
10 10 10 11 11 11 11 11 11 11 
11 11 11 15 15 15 15 15 15 15 
15 15 15 15 15 15 12 12 12 12 
12 12 12 12 12 12 18 18 18 18 
18 18 18 18 18 18 10 10 10 10 
10 10 10 12 12 12 12 12 12 12 
12 10 10 10 10 19 19 19 19 20 
20 20 20 20 20 20 18 18 18 18 
18 18 18 18 12 12 12 12 12 12 
12 12 12 12 12 12 12 12 12 12 
10 10 10 10 10 10 10 11 11 11 
11 20 13 10 17 10 20 9 9 11 
10 9 9 10 18 13 20 10 15 10 
10 -16 -16 -16 -3 -3 -3 -3 -3 -3 
-3 -3 -3 -3 -3 -3 -3 -3 -3 0 
0 0 0 0 0 0 0 0 0 0 
0 0 0 0 0 0 0 0 0 0 
0 0 0 0 0 0 0 0 0 0 
0 0 0 0 0 0 0 0 0 0 
0 0 1 1 1 1 3 3 3 3 
8 7 2 0 5 4 15 7 5 4 
4 6 6 11 5 6 6 5 2 2 
-1 1 4 4 5 8 11 12 11 11 
11 11 11 11 11 11 11 11 11 11 
11 11 11 11 11 11 11 11 11 12 
12 12 12 12 12 12 12 12 12 10 
10 10 10 10 10 10 10 10 10 10 
10 10 10 10 10 17 17 17 17 17 
17 17 17 17 17 17 17 17 17 17 
17 19 19 19 19 19 19 19 19 19 
19 9 10 14 14 14 14 14 14 14 
16 16 16 16 16 16 16 16 13 20 
19 19 19 19 19 19 19 19 19 19 
14 14 14 14 14 14 14 12 20 20 
20 20 9 9 9 9 18 12 9 10 
12 11 10 10 18 9 9 11 9 10 
10 7 23 10 10 9 10 -16 -16 -16 
-16 -16 -16 -16 -16 -16 -16 -16 -16 -16 
-5 -5 -5 -5 -5 -5 -5 -5 -5 -5 
-5 -5 -5 -5 -5 -5 -1 -1 -1 -1 
-1 -1 -1 0 0 0 0 3 3 2 
1 1 1 1 4 4 4 4 4 4 
4 4 4 4 4 4 4 4 4 4 
21 21 21 21 6 3 0 1 4 23 
15 7 4 4 6 5 4 7 6 5 
2 0 3 -1 3 5 7 7 11 12 
10 9 15 15 15 15 9 9 9 9 
9 9 9 9 9 9 9 9 9 12 
12 12 12 12 12 12 12 12 12 12 
12 12 12 12 12 11 11 11 11 11 
11 11 11 11 11 11 11 11 12 12 
12 12 12 12 12 17 17 17 17 10 
18 11 16 20 19 19 19 19 20 20 
20 20 20 20 20 19 19 19 19 19 
19 19 11 11 11 11 11 11 11 12 
19 14 16 10 14 10 19 19 19 19 
19 19 19 11 11 11 11 9 10 11 
9 11 10 9 9 10 9 23 11 10 
10 18 -15 -16 -16 -16 -16 -16 -16 -16 
-16 -16 -16 -16 3 3 3 3 3 3 
3 3 3 3 3 3 3 3 3 3 
1 1 1 1 1 1 1 1 1 1 
1 1 1 1 1 1 1 1 1 1 
1 1 1 1 1 1 0 0 0 0 
0 0 0 -1 1 6 5 2 1 2 
2 2 2 6 4 5 3 4 3 13 
13 8 5 9 7 3 0 8 6 14 
4 0 7 1 3 6 8 8 8 13 
15 13 13 13 13 25 25 25 25 25 
25 25 25 25 25 25 25 25 25 25 
25 15 15 15 15 15 15 15 15 15 
15 15 15 15 15 15 15 18 18 18 
18 18 18 18 18 18 18 18 18 18 
18 18 18 9 9 9 9 9 9 9 
9 9 9 9 9 9 9 9 9 10 
10 10 10 10 10 10 10 10 10 10 
10 10 18 18 18 18 18 18 18 18 
18 18 14 14 14 14 14 14 14 12 
12 12 12 12 12 12 19 17 15 15 
15 15 19 19 19 19 19 19 19 18 
18 18 18 18 18 18 18 18 18 22 
19 19 19 19 19 19 19 19 19 19 
20 20 20 20 15 20 19 19 19 19 
19 10 10 10 10 10 10 10 10 10 
10 10 18 18 18 18 18 18 18 18 
18 18 18 18 18 8 8 8 8 11 
19 10 9 9 9 15 10 20 9 23 
12 18 15 14 -14 -14 -14 -14 9 9 
9 9 9 9 9 9 9 9 9 9 
9 9 9 9 9 9 9 9 9 9 
9 9 9 9 9 9 7 7 7 7 
8 8 8 8 6 1 0 3 9 6 
2 1 4 5 13 3 9 12 8 4 
3 9 8 8 9 0 5 2 8 12 
8 -2 0 0 3 16 7 8 9 14 
14 13 17 17 17 17 17 17 17 17 
17 17 15 15 15 15 15 15 15 15 
15 15 15 15 15 15 15 15 7 7 
7 7 7 7 7 7 7 7 7 7 
7 7 7 7 15 15 15 15 15 15 
15 15 15 15 15 15 15 15 15 15 
17 17 17 17 17 17 17 17 17 17 
17 17 17 17 17 17 17 17 17 17 
17 17 17 17 17 17 17 17 17 19 
19 19 19 19 19 19 16 16 16 16 
16 16 16 16 16 16 16 16 16 16 
16 16 16 16 16 16 20 20 20 20 
20 20 20 20 20 20 24 24 24 24 
24 24 24 24 24 24 24 24 24 24 
24 24 21 21 21 21 21 21 21 20 
20 20 20 20 20 20 21 21 21 21 
21 21 21 14 14 14 14 20 13 20 
18 20 19 19 19 19 20 15 15 15 
15 20 16 10 12 7 12 13 19 10 
18 9 21 11 14 17 17 -9 -9 -9 
-9 -9 -9 9 9 9 9 9 9 9 
9 9 9 9 9 9 9 9 9 9 
9 9 9 9 9 9 9 9 9 9 
9 5 6 -4 1 7 9 6 2 2 
2 2 2 2 2 2 2 2 2 2 
2 2 4 4 2 10 8 8 8 8 
9 9 9 9 7 7 7 7 7 7 
7 7 7 7 7 7 7 7 7 7 
7 7 4 6 12 7 9 -1 1 -3 
0 13 -4 8 -2 2 10 9 7 11 
19 11 13 15 15 15 15 15 15 15 
15 15 15 15 15 15 15 15 15 15 
15 15 15 15 15 15 15 15 15 14 
14 14 14 14 14 14 14 14 14 14 
14 14 14 14 14 19 19 19 19 19 
19 19 19 19 19 19 19 19 19 19 
19 19 19 19 19 19 19 19 19 19 
19 19 19 19 19 19 19 19 19 19 
19 19 19 19 19 19 19 19 19 19 
19 19 15 15 15 15 15 15 15 15 
15 15 21 21 21 21 21 21 21 21 
21 21 20 20 20 20 20 20 20 20 
20 20 21 21 21 21 20 20 20 20 
20 20 20 19 19 19 19 19 19 19 
28 19 20 21 19 19 19 20 19 21 
20 19 18 22 16 12 18 19 14 18 
17 17 17 20 19 -16 -16 -16 -16 -16 
-16 -16 -16 -16 9 9 9 9 9 9 
9 9 9 9 9 9 9 9 9 9 
9 9 9 9 9 9 9 5 4 5 
2 2 0 2 7 8 4 2 2 2 
2 2 2 2 3 3 3 3 3 3 
3 4 5 7 3 5 5 5 5 5 
5 5 5 5 5 4 4 4 4 4 
4 4 4 4 4 6 6 6 6 9 
9 9 9 9 9 9 9 9 9 11 
11 11 11 12 9 9 7 9 8 9 
-1 8 7 1 5 0 3 6 10 10 
15 19 15 16 13 13 13 13 13 13 
13 13 13 13 13 13 13 13 13 13 
13 13 13 13 13 13 13 13 13 13 
18 18 18 18 18 18 18 18 18 18 
18 18 18 18 18 18 13 13 13 13 
13 13 13 13 13 13 13 13 13 13 
13 13 13 13 13 13 13 13 13 13 
13 13 13 13 13 20 20 20 20 20 
20 20 20 20 20 20 20 20 20 20 
20 20 20 20 20 20 20 20 20 20 
20 20 20 20 20 20 20 20 20 20 
20 19 19 19 19 20 20 20 20 20 
20 20 20 20 20 20 20 20 20 20 
20 20 20 20 20 27 27 27 27 27 
27 27 27 27 27 27 27 27 27 27 
27 26 26 26 26 26 26 26 26 26 
26 26 26 26 27 27 27 27 27 27 
27 27 27 27 19 21 18 27 20 20 
20 20 20 20 20 20 19 16 18 24 
19 20 20 23 28 18 19 19 18 22 
21 21 21 21 20 -16 -16 2 2 2 
2 2 2 2 2 2 2 2 2 2 
8 8 8 8 8 8 8 8 8 8 
8 8 8 8 8 8 8 8 8 8 
8 8 8 8 8 8 9 7 1 3 
1 0 0 3 7 7 2 5 3 5 
3 11 4 4 4 4 8 8 8 8 
8 8 8 8 8 8 5 5 5 5 
6 9 10 11 10 10 8 10 6 8 
2 4 9 2 7 5 7 6 10 10 
19 19 15 18 15 15 15 15 15 15 
15 15 15 15 14 14 14 14 14 14 
14 14 14 14 14 14 14 14 14 14 
19 19 19 19 19 19 19 19 19 19 
19 19 19 19 19 19 18 18 18 18 
18 18 18 18 18 18 18 18 18 18 
18 18 20 20 20 20 20 20 20 20 
20 20 20 20 20 20 20 20 20 20 
20 20 20 20 20 20 20 20 24 24 
24 24 24 24 24 24 24 24 24 24 
24 24 24 24 19 19 19 19 19 19 
19 19 19 19 19 19 19 19 19 19 
19 19 19 19 20 20 20 20 20 20 
20 20 20 20 20 20 20 23 23 23 
23 23 23 23 23 23 23 23 23 23 
23 23 23 26 26 26 26 26 26 26 
26 26 26 26 26 26 26 26 26 27 
27 27 27 27 27 27 27 27 27 27 
27 27 27 27 27 26 26 26 26 26 
26 26 26 26 26 26 26 26 22 22 
22 22 19 19 23 20 20 20 20 20 
20 20 20 20 20 19 19 19 19 19 
19 19 19 19 19 21 15 15 19 18 
20 21 29 20 30 27 20 19 21 29 
18 19 20 20 -16 -16 -16 2 2 2 
2 2 2 2 2 2 2 2 2 2 
2 2 2 2 2 2 2 2 2 2 
2 2 9 9 9 9 9 9 9 9 
9 9 10 10 10 10 10 10 10 9 
5 1 2 1 0 0 3 6 6 6 
5 4 6 4 5 7 13 13 13 13 
10 10 10 10 10 10 10 10 10 10 
5 5 5 5 6 10 7 10 9 9 
7 8 6 6 8 8 8 5 6 23 
9 9 8 9 20 19 18 18 18 18 
15 15 15 15 15 15 15 15 15 15 
15 15 15 15 15 15 15 15 15 15 
15 15 15 15 15 15 15 15 15 15 
15 15 19 19 19 19 19 19 19 19 
19 19 19 19 19 19 19 19 25 25 
25 25 25 25 25 25 25 25 25 25 
25 25 25 25 21 21 21 21 21 21 
21 21 21 21 21 21 21 21 21 21 
20 20 20 20 20 20 20 20 20 20 
20 20 20 20 20 20 24 24 24 24 
24 24 24 24 24 24 24 24 24 24 
24 24 25 25 25 25 20 20 20 20 
20 20 20 20 20 20 21 21 21 21 
21 21 21 21 21 21 21 21 21 29 
29 29 29 29 29 29 29 29 29 29 
29 29 26 26 26 26 26 26 26 26 
26 26 26 26 26 26 26 26 29 29 
29 29 29 29 29 29 29 29 29 29 
29 29 29 29 21 21 21 21 21 21 
21 21 21 21 27 27 27 27 19 19 
20 20 20 20 20 22 22 22 22 19 
19 19 30 20 18 29 19 26 31 30 
24 29 26 32 14 19 20 19 -16 -16 
3 3 3 3 3 3 3 3 3 3 
3 3 3 3 3 6 6 6 6 6 
6 6 9 9 9 9 9 9 9 9 
9 9 9 9 9 9 9 9 9 9 
9 9 9 9 5 2 0 0 1 1 
5 8 6 4 6 5 6 5 4 4 
4 4 8 8 8 8 15 15 15 15 
5 5 5 5 5 5 5 5 5 5 
7 7 7 7 7 8 8 9 18 10 
10 7 7 5 8 6 9 11 11 11 
10 10 13 18 18 20 16 16 16 16 
16 16 16 15 15 15 15 15 15 15 
15 15 15 15 15 15 15 15 15 17 
17 17 17 17 17 17 17 17 17 17 
17 17 20 20 20 20 20 20 20 20 
20 20 20 20 20 20 20 20 26 26 
26 26 26 26 26 26 26 26 26 26 
26 26 26 26 20 20 20 20 20 20 
20 20 20 20 23 23 23 23 23 23 
23 23 27 30 30 30 30 30 30 30 
30 30 30 26 26 26 26 26 26 26 
26 26 26 26 26 26 26 26 26 24 
24 24 24 24 24 24 24 24 24 24 
24 24 22 22 22 22 22 22 22 22 
22 22 30 30 30 30 30 30 30 30 
30 30 19 19 19 19 29 19 27 21 
19 20 20 18 19 19 18 19 20 23 
30 40 29 30 27 27 24 16 19 20 
18 -14 -14 -14 4 4 4 4 8 9 
9 9 9 9 10 10 10 10 10 10 
10 10 10 10 8 8 8 8 5 2 
0 4 3 18 13 11 7 3 6 7 
6 7 6 6 6 6 6 6 6 6 
6 6 10 10 10 10 10 10 10 10 
10 10 11 7 8 11 11 8 8 11 
10 8 4 5 10 9 8 9 10 10 
9 10 10 14 20 16 20 20 20 20 
15 15 15 15 15 15 15 15 15 15 
15 15 15 10 10 10 10 10 10 10 
10 10 10 17 17 17 17 17 17 17 
17 17 17 26 26 26 26 26 26 26 
26 26 26 26 26 26 26 26 26 24 
24 24 24 24 24 24 24 24 24 24 
24 24 19 19 19 19 27 19 30 30 
30 30 30 30 30 30 30 30 30 30 
30 30 30 30 30 30 30 30 30 30 
30 30 30 28 28 28 28 28 28 28 
28 28 28 28 28 28 28 28 28 21 
21 21 21 20 30 30 30 30 25 24 
27 20 19 25 20 20 28 23 20 20 
33 30 40 29 29 23 18 26 21 20 
20 19 6 6 9 9 9 9 9 10 
9 9 9 9 9 9 9 9 9 9 
7 7 7 7 7 7 7 7 7 7 
5 2 1 6 13 20 18 13 9 5 
6 9 7 8 10 10 10 10 10 10 
10 14 14 14 14 14 14 14 9 9 
9 9 8 8 8 8 8 8 8 8 
8 8 11 11 11 11 9 13 13 13 
13 13 13 13 12 12 12 12 12 12 
12 8 10 9 7 6 9 13 11 12 
14 13 12 14 13 12 13 18 20 20 
20 20 20 8 8 8 8 8 8 8 
8 8 8 8 8 8 8 8 8 10 
10 10 10 10 10 10 10 10 10 15 
15 15 15 15 15 15 15 15 15 15 
15 15 15 15 15 30 30 30 30 30 
30 30 30 30 30 30 30 30 30 30 
30 25 25 25 25 25 25 25 20 18 
18 20 19 20 20 20 20 20 20 20 
29 29 29 29 30 30 30 30 19 29 
29 29 29 23 23 23 23 23 23 23 
23 23 23 23 23 23 29 29 29 29 
29 29 29 19 20 19 22 22 22 22 
22 20 20 20 20 20 19 18 23 20 
20 27 36 32 29 24 18 23 25 18 
16 17 -16 9 8 9 9 9 9 9 
9 9 9 9 9 9 9 9 9 9 
9 9 8 8 8 8 7 7 7 7 
7 7 7 6 6 6 6 6 6 6 
6 6 6 6 6 6 6 6 6 4 
4 4 4 1 1 5 12 2 13 12 
9 6 7 12 11 7 10 9 8 8 
8 8 9 9 9 9 9 9 9 9 
9 9 8 8 8 8 11 8 8 8 
8 10 10 10 10 9 6 6 9 9 
9 12 15 15 15 15 12 17 18 10 
12 12 12 12 15 15 15 15 15 15 
15 15 15 15 18 18 18 18 16 16 
16 16 11 11 11 11 11 11 11 11 
11 11 11 11 11 11 11 11 16 16 
16 16 16 16 16 16 16 16 16 16 
16 16 16 16 16 16 16 16 16 16 
16 16 16 16 29 29 29 29 29 29 
29 29 29 29 29 29 29 29 29 29 
20 20 20 20 20 20 20 21 21 21 
21 21 21 21 19 19 19 19 19 19 
19 19 23 22 19 35 29 25 21 21 
21 21 28 28 28 28 28 28 28 28 
28 28 28 28 28 28 28 28 20 20 
20 20 20 20 20 18 20 18 20 23 
23 23 23 23 23 23 21 21 21 21 
21 21 21 30 30 17 19 19 20 30 
28 19 26 18 20 26 29 19 14 15 
-16 9 8 9 9 9 9 9 9 9 
9 9 9 9 9 9 9 9 9 9 
9 10 10 10 10 6 6 6 6 6 
6 6 6 6 6 6 6 6 3 3 
3 3 1 1 4 7 6 5 10 10 
7 7 13 11 8 9 9 9 9 9 
9 9 10 10 10 10 10 10 10 10 
9 10 10 9 10 11 11 11 12 13 
12 13 12 12 14 15 14 13 21 10 
15 15 15 15 20 20 20 20 20 20 
20 19 19 19 19 20 20 20 20 20 
20 20 20 20 20 20 20 20 20 20 
20 17 17 17 17 22 22 22 22 25 
25 25 25 25 25 25 25 25 25 25 
25 25 25 25 25 29 29 29 29 29 
29 29 29 29 29 29 29 29 29 29 
29 30 30 30 30 30 30 30 27 27 
27 27 19 19 19 19 26 22 20 30 
29 29 29 29 29 25 25 25 25 29 
28 28 28 28 28 28 28 21 21 21 
21 21 21 21 27 20 20 20 20 29 
20 20 19 22 19 19 19 19 20 20 
20 20 20 20 20 20 20 20 20 20 
20 20 25 20 27 25 20 30 22 22 
28 28 26 30 20 2 -16 10 9 10 
10 10 10 10 10 10 8 8 8 8 
8 8 8 6 4 4 4 4 1 1 
1 1 1 1 1 1 2 3 4 2 
3 7 10 9 5 6 7 9 8 8 
8 8 8 8 8 9 9 9 9 9 
9 9 10 10 11 9 9 12 9 13 
15 13 13 14 15 9 9 13 16 15 
14 17 11 12 20 20 20 20 20 20 
20 19 19 19 19 19 19 19 19 19 
19 19 19 19 18 18 18 18 18 18 
18 20 20 20 20 20 20 20 25 25 
25 25 30 30 30 30 30 30 30 30 
30 30 30 30 30 30 30 30 30 30 
30 30 30 30 30 30 30 30 28 28 
28 28 28 28 28 28 28 28 28 28 
28 28 28 28 30 30 30 30 23 21 
26 31 29 29 29 29 29 29 29 29 
29 29 29 29 29 29 29 29 29 29 
29 29 29 29 28 28 28 28 29 29 
29 29 29 29 29 29 29 29 29 29 
29 29 29 29 20 20 20 20 20 20 
20 19 19 19 19 19 19 19 19 19 
19 19 19 19 19 19 19 19 21 19 
19 21 30 30 30 30 30 19 19 19 
19 19 19 19 20 21 25 22 21 20 
21 22 26 30 27 28 30 -16 5 10 
8 9 8 8 8 8 4 4 4 4 
4 4 4 4 4 4 4 4 4 4 
4 4 2 2 2 2 1 1 1 1 
1 1 1 1 1 1 1 1 1 1 
1 1 1 1 1 1 2 2 2 2 
3 5 4 -2 6 4 7 6 5 9 
8 7 8 10 10 10 11 9 10 12 
13 9 10 14 14 14 14 14 14 14 
14 15 15 15 15 15 15 15 14 15 
11 14 17 17 17 17 13 11 19 19 
19 19 19 19 19 15 15 15 15 15 
15 15 15 15 15 16 16 16 16 16 
16 16 29 29 29 29 29 29 29 29 
30 27 27 27 27 23 23 23 23 21 
30 19 19 28 29 30 30 30 30 30 
29 29 29 29 20 23 23 23 23 23 
19 19 19 19 19 19 19 19 25 18 
19 20 21 22 22 22 22 22 22 22 
25 25 25 25 25 25 25 25 19 20 
19 19 22 19 18 21 26 27 30 28 
-16 10 10 8 6 6 6 6 6 3 
3 3 3 3 3 3 3 3 3 3 
3 3 3 3 3 1 1 1 1 1 
1 1 1 1 1 3 3 3 3 3 
3 3 3 3 3 3 3 3 3 3 
3 3 3 3 3 4 4 4 4 4 
4 4 4 4 4 4 4 4 4 4 
4 6 6 6 6 9 9 9 9 8 
3 7 5 6 8 8 7 7 13 8 
10 9 10 10 10 11 10 11 11 10 
11 15 15 15 15 15 15 15 16 16 
16 16 16 16 16 16 17 15 16 18 
19 20 19 17 18 21 21 21 21 21 
21 21 16 16 16 16 16 16 16 20 
15 29 28 22 26 29 29 23 30 30 
28 29 29 29 29 29 26 26 26 26 
26 26 26 26 26 26 19 19 19 19 
21 21 19 18 29 27 21 18 21 16 
16 16 16 16 16 16 27 27 27 27 
27 27 27 19 20 19 22 21 24 22 
22 24 23 26 21 9 9 10 8 9 
6 6 6 6 6 6 6 12 12 12 
12 12 12 12 12 12 12 7 7 7 
7 5 5 5 5 5 5 5 6 6 
6 6 6 6 6 6 6 6 6 6 
6 6 6 6 10 10 10 10 10 10 
10 10 10 10 10 10 10 10 10 10 
14 14 14 14 14 14 14 14 14 14 
16 11 8 6 6 8 6 6 8 16 
8 9 9 9 10 13 10 12 9 9 
11 10 11 12 13 16 20 18 20 20 
13 17 19 20 20 20 20 19 19 19 
19 19 19 19 19 19 19 19 19 19 
19 19 19 20 20 20 20 20 20 20 
19 26 24 24 24 24 24 24 24 29 
29 29 29 26 25 30 29 25 31 30 
29 28 28 30 30 30 30 30 30 30 
30 30 30 30 30 30 30 30 30 30 
30 30 30 20 25 30 24 17 30 20 
20 20 20 19 19 19 19 30 30 23 
19 20 20 23 21 23 27 23 26 25 
29 27 7 9 9 8 6 5 5 5 
5 4 4 4 4 4 4 4 8 8 
8 8 8 8 8 8 8 8 5 5 
5 5 7 7 7 7 7 7 7 12 
12 12 12 12 12 12 12 12 12 12 
12 12 12 12 12 18 18 18 18 18 
18 18 18 18 18 22 22 22 22 14 
7 6 7 8 8 6 14 13 9 10 
10 10 11 13 10 14 11 9 11 14 
10 10 10 13 13 19 19 18 18 19 
20 20 20 20 20 20 20 18 18 18 
18 18 18 18 18 18 18 18 18 18 
18 18 18 12 12 12 12 12 12 12 
12 12 12 12 12 12 12 12 12 21 
21 21 21 17 24 30 30 30 30 30 
30 30 30 30 30 30 20 19 30 30 
29 29 30 29 30 28 30 30 30 30 
28 28 28 28 18 30 21 21 21 21 
20 20 20 20 20 20 20 20 20 20 
30 30 30 30 21 21 21 21 21 21 
21 21 21 21 21 31 31 31 31 31 
31 31 31 31 31 29 23 29 20 20 
25 20 25 25 20 22 27 26 29 9 
9 6 6 4 4 13 13 13 13 8 
8 8 8 8 8 8 8 8 8 8 
8 8 8 8 8 4 4 4 4 4 
4 4 4 4 4 4 4 4 6 6 
6 6 6 6 6 6 6 6 13 13 
13 13 13 13 13 13 13 13 20 20 
20 20 20 20 20 20 20 20 20 20 
20 20 20 20 22 22 22 22 22 22 
22 22 22 22 15 7 7 7 8 8 
7 8 11 10 10 13 12 10 14 10 
10 9 9 10 12 9 10 10 9 9 
11 18 20 15 18 20 20 20 20 16 
16 16 16 16 16 16 20 20 20 20 
20 20 20 26 19 29 29 29 29 21 
21 21 21 21 21 21 21 21 21 21 
21 21 21 21 21 28 28 28 28 25 
20 25 29 27 30 30 30 29 34 34 
34 34 34 34 34 29 29 29 29 29 
29 29 29 28 28 24 24 24 24 27 
27 27 27 27 27 27 27 27 27 30 
30 30 30 26 26 26 26 30 30 30 
30 30 30 30 30 30 30 19 19 19 
19 29 29 29 29 29 29 29 29 29 
29 29 24 19 22 24 19 20 21 26 
21 26 28 29 10 9 6 3 2 0 
2 6 6 6 6 6 6 6 1 1 
1 1 1 1 1 1 1 1 1 1 
1 4 4 4 4 4 4 4 4 4 
4 12 12 12 12 19 19 19 19 19 
19 19 21 21 21 21 21 21 21 21 
21 21 21 21 21 21 21 21 16 16 
16 16 16 16 16 9 9 9 9 8 
8 9 9 9 8 11 12 10 13 13 
12 16 10 9 10 13 17 8 8 15 
17 12 9 9 18 20 20 20 20 14 
14 14 14 14 14 14 14 14 14 19 
19 19 19 12 12 12 12 12 12 12 
12 12 12 12 12 12 12 12 12 19 
19 19 19 19 19 19 18 22 23 29 
29 29 29 30 30 30 30 30 30 30 
30 30 30 30 30 30 30 30 30 29 
29 29 29 29 17 26 21 21 29 29 
20 29 29 29 29 22 22 22 22 22 
22 22 22 22 22 22 22 22 22 22 
22 29 29 29 29 29 29 29 23 30 
22 26 25 30 30 30 30 30 30 30 
29 29 29 29 20 20 20 20 29 28 
28 28 28 29 29 29 29 29 29 29 
29 21 20 21 20 26 22 23 24 21 
30 8 10 4 2 4 1 4 7 5 
5 5 5 6 6 6 6 5 7 6 
6 6 6 6 6 6 4 4 4 4 
4 4 4 4 4 4 4 4 4 4 
4 4 4 4 4 4 4 4 4 4 
4 4 4 4 4 5 5 5 5 5 
5 5 4 4 4 4 8 8 8 8 
8 8 8 9 10 10 11 10 10 12 
13 12 12 14 11 11 17 15 18 21 
13 16 16 16 16 16 16 16 16 16 
16 16 16 16 16 10 10 10 10 9 
16 18 18 18 18 18 20 19 19 19 
19 20 20 20 20 23 28 29 30 30 
30 30 30 23 23 23 23 23 23 23 
25 25 25 25 25 25 25 28 28 29 
25 30 30 30 30 28 25 30 30 30 
30 26 26 26 26 26 26 26 23 19 
24 24 24 24 20 20 20 20 20 25 
29 29 29 29 29 29 29 30 30 30 
30 29 21 23 29 34 33 21 20 28 
20 26 28 24 28 30 5 9 4 5 
7 6 6 10 9 10 8 9 8 6 
6 6 6 5 5 5 5 5 5 5 
5 5 5 5 5 5 5 5 5 7 
7 7 7 7 7 7 7 7 7 7 
7 7 6 6 6 6 6 6 6 10 
10 10 10 10 10 10 10 10 10 10 
9 11 12 12 10 10 10 9 10 9 
10 13 16 15 18 26 26 26 26 16 
16 16 16 16 16 16 16 16 16 15 
15 15 15 11 11 11 11 9 9 9 
9 9 9 11 13 19 20 19 21 26 
23 19 26 22 22 22 22 22 22 22 
30 30 30 30 30 30 30 29 29 31 
31 31 31 31 31 31 29 29 29 29 
29 29 29 29 29 29 29 29 29 29 
29 29 29 29 29 29 29 29 29 19 
19 19 19 21 19 18 22 26 26 26 
26 30 30 30 30 30 30 30 30 30 
30 30 30 30 30 30 30 28 28 28 
28 26 26 26 26 26 26 26 26 26 
26 28 29 26 29 28 30 30 28 33 
23 23 28 28 30 29 29 29 28 7 
8 4 5 9 9 9 11 10 13 11 
10 9 7 6 6 6 6 10 10 10 
10 10 10 10 10 10 10 9 9 9 
9 9 9 9 9 9 9 9 9 9 
9 9 9 9 9 9 9 9 9 9 
9 9 9 9 9 9 9 9 9 10 
10 10 10 10 10 10 10 10 10 10 
12 14 12 17 10 9 10 10 9 10 
13 16 9 18 24 11 11 11 11 10 
10 10 10 10 10 10 10 10 10 9 
9 9 9 9 9 9 9 9 9 9 
9 9 9 9 9 9 9 9 9 9 
9 9 9 9 9 9 9 9 9 9 
9 9 9 9 9 10 10 10 10 13 
16 19 19 24 20 30 23 21 21 21 
21 30 20 19 28 28 29 29 29 29 
29 29 29 25 25 25 25 25 25 25 
25 25 25 27 27 27 27 27 27 27 
21 30 27 30 19 28 29 29 29 29 
21 29 29 29 29 29 29 29 29 23 
23 23 23 23 23 23 21 24 24 29 
28 29 22 26 21 20 27 30 26 21 
29 10 9 5 5 9 6 9 4 4 
12 17 14 11 8 8 15 6 6 6 
6 6 6 6 8 8 8 8 8 8 
8 8 8 8 8 8 8 8 8 8 
10 10 10 10 10 10 10 10 10 10 
11 11 11 11 18 14 9 9 9 9 
9 11 10 11 13 15 10 15 10 10 
10 10 10 9 9 9 9 9 9 9 
9 9 9 9 9 9 9 9 9 9 
9 9 9 9 9 9 9 9 9 9 
9 9 9 9 9 9 9 9 9 10 
10 10 10 10 10 10 10 10 10 10 
10 10 14 14 14 14 15 15 20 20 
19 19 29 25 25 25 25 28 28 28 
28 28 28 28 30 29 22 30 29 26 
26 26 26 27 27 27 27 27 27 27 
28 28 28 28 28 28 28 28 28 28 
28 28 28 28 28 28 20 20 20 20 
27 24 21 21 24 26 21 29 29 29 
29 29 29 29 25 25 25 25 25 25 
25 25 25 25 26 26 26 26 26 26 
26 26 26 26 25 22 24 28 30 27 
20 27 26 19 27 30 26 26 25 8 
10 7 4 7 4 9 8 6 8 7 
13 11 7 9 10 8 8 8 8 9 
9 9 9 9 9 9 9 9 9 9 
9 9 10 10 10 10 10 10 10 10 
10 10 10 10 10 10 10 10 11 11 
11 11 11 11 11 11 11 11 15 15 
15 15 15 14 11 10 9 13 10 10 
12 11 14 14 10 10 10 10 10 10 
10 10 10 10 10 10 10 10 10 10 
10 10 10 10 9 9 9 9 9 9 
9 10 10 10 10 10 10 10 11 11 
11 11 11 11 11 11 11 11 11 11 
11 11 11 11 10 10 10 10 10 10 
10 10 10 10 10 18 18 18 18 18 
18 18 18 18 18 12 12 12 12 19 
19 25 19 29 28 29 28 28 31 30 
29 25 25 25 25 29 29 29 29 29 
29 29 29 29 29 29 29 29 29 29 
29 26 26 26 26 20 20 20 20 20 
24 20 21 20 27 26 24 24 24 24 
25 25 25 25 25 25 25 25 25 25 
25 25 25 30 30 30 30 30 30 30 
23 23 23 23 22 27 25 25 25 25 
28 27 20 20 23 23 24 23 29 29 
29 4 8 7 4 5 3 7 10 6 
7 9 10 8 9 8 10 10 9 9 
9 9 9 9 9 9 9 9 9 9 
9 9 9 9 9 9 9 9 9 9 
9 9 9 9 9 11 11 11 11 11 
11 11 11 11 11 11 11 11 16 16 
16 16 16 16 16 16 16 16 19 19 
19 19 15 13 16 19 11 10 9 10 
12 15 9 9 9 9 10 10 10 10 
9 9 9 9 9 9 9 9 9 9 
9 9 9 9 9 9 9 9 9 9 
9 9 9 10 10 10 10 10 10 10 
10 10 10 10 17 17 17 17 17 17 
17 17 17 17 20 20 20 20 20 20 
20 20 20 20 20 20 20 12 12 12 
12 20 20 30 23 28 24 28 29 30 
29 23 30 30 30 30 30 30 30 30 
30 30 30 27 27 27 27 20 20 25 
23 28 28 28 28 20 20 20 20 20 
20 20 20 20 20 28 28 28 28 24 
20 20 20 20 30 30 30 30 30 30 
30 30 30 30 30 30 30 30 29 29 
29 29 24 24 29 29 29 29 25 25 
25 25 25 25 25 25 25 25 25 25 
25 27 27 27 27 24 29 31 30 29 
27 20 22 23 29 2 4 5 4 6 
1 6 9 6 9 9 9 9 9 9 
9 9 17 13 10 14 9 10 6 3 
5 5 5 5 5 5 5 10 10 10 
10 10 10 10 10 10 10 16 16 16 
16 16 16 16 16 16 16 16 16 16 
16 16 16 19 19 19 19 19 19 19 
19 19 19 19 19 19 19 19 19 19 
12 12 12 12 17 20 20 20 20 15 
15 15 15 15 15 15 13 13 13 13 
13 13 13 13 13 13 9 9 9 9 
9 9 9 9 9 9 10 10 10 10 
10 10 10 10 10 10 10 16 16 16 
16 16 16 16 10 10 10 10 10 10 
10 10 10 10 10 10 10 10 10 10 
8 8 8 8 8 8 8 8 8 8 
9 9 9 9 9 9 9 9 9 9 
9 9 9 9 9 9 9 14 14 14 
14 14 14 14 14 14 14 19 19 19 
19 19 19 19 19 19 19 19 19 19 
20 20 20 29 21 28 28 29 28 29 
31 30 30 30 30 29 29 29 29 29 
29 29 19 29 29 30 27 23 23 23 
23 27 27 27 27 27 27 27 27 27 
27 29 29 29 29 29 29 27 27 27 
27 27 27 27 26 26 26 26 26 26 
26 24 24 24 24 24 18 18 18 18 
18 18 18 29 23 23 23 23 27 24 
31 31 30 28 29 28 22 21 0 2 
1 1 1 0 9 8 9 7 7 7 
7 7 7 7 7 7 7 11 11 11 
11 11 11 11 11 11 11 45 31 48 
64 10 0 -5 -1 4 11 18 18 18 
18 19 19 19 19 19 19 19 19 19 
19 11 11 11 11 11 11 11 11 11 
11 18 18 18 18 18 18 18 18 18 
18 20 20 20 20 19 19 19 19 19 
19 19 19 19 19 14 14 14 14 14 
14 14 14 14 14 14 14 14 9 9 
9 9 9 9 9 9 9 9 9 9 
9 9 9 9 9 9 9 9 9 9 
9 9 9 9 9 9 9 9 9 9 
9 9 9 9 9 9 9 12 12 12 
12 12 12 12 11 11 11 11 11 11 
11 6 6 6 6 6 6 6 6 6 
6 6 6 6 6 9 9 9 9 10 
10 10 10 10 10 10 10 10 10 10 
10 10 10 10 10 10 10 10 10 10 
10 10 10 10 10 20 20 20 20 20 
19 18 30 19 19 20 30 29 21 29 
29 27 30 29 29 30 30 30 30 30 
24 29 30 27 25 26 26 30 28 28 
28 28 28 28 28 25 25 25 25 25 
25 25 19 27 27 27 27 19 19 19 
19 19 19 19 30 27 29 28 30 24 
29 29 29 29 26 3 3 3 3 0 
3 6 6 8 8 8 8 14 14 14 
14 28 49 38 38 97 15 0 12 12 
16 21 20 19 17 20 21 21 21 21 
16 16 16 16 16 16 16 16 16 16 
16 15 15 15 15 10 9 10 10 10 
9 9 9 9 9 9 9 9 9 9 
9 9 9 9 10 10 10 10 10 10 
10 10 10 10 10 10 10 10 10 10 
10 10 10 10 19 19 17 22 20 21 
25 26 29 30 29 28 30 28 29 30 
29 25 25 25 25 25 25 25 25 25 
25 23 23 23 23 24 27 21 25 21 
29 28 29 29 24 30 29 30 29 29 
28 31 26 27 28 27 26 0 2 4 
6 6 11 16 33 39 47 48 59 82 
19 19 16 17 17 20 20 20 20 20 
20 20 19 19 19 19 16 17 14 14 
14 14 11 11 11 11 11 11 11 16 
12 9 9 11 12 9 9 9 9 9 
9 20 19 20 20 20 19 20 25 29 
29 29 29 23 29 29 30 29 28 21 
21 21 21 29 28 29 23 25 22 22 
28 29 29 29 29 29 29 29 27 27 
27 27 27 27 27 25 30 27 30 25 
29 27 31 29 21 23 22 24 0 3 
7 10 6 11 18 28 19 32 38 39 
54 60 51 -2 3 18 19 19 19 19 
18 15 11 16 12 17 17 13 9 11 
17 8 9 10 20 20 19 18 20 17 
30 27 30 28 29 27 21 30 28 29 
29 25 25 25 25 20 20 20 20 20 
20 20 20 20 20 28 28 28 28 29 
28 20 27 26 29 24 30 30 30 30 
30 30 30 30 30 30 30 24 29 31 
30 28 29 22 29 27 23 21 21 2 
4 6 9 8 13 19 38 35 37 36 
49 54 59 58 69 10 19 19 19 20 
19 20 17 20 23 20 15 17 19 9 
9 14 19 17 20 18 20 20 20 21 
25 19 20 29 20 23 22 29 28 28 
28 28 28 27 27 27 27 27 27 27 
27 27 27 30 30 30 30 29 26 20 
20 29 28 29 27 28 22 27 22 19 
27 27 21 26 28 26 24 4 5 7 
9 11 38 40 39 40 60 50 53 69 
49 61 55 12 18 18 18 17 19 19 
16 17 19 24 11 12 20 13 21 19 
20 21 28 24 19 29 25 21 23 29 
22 19 20 25 29 30 29 30 29 30 
22 24 29 31 29 31 27 30 30 25 
22 26 23 23 29 30 27 6 9 13 
38 39 39 50 50 49 49 49 49 69 
60 51 49 59 16 20 18 18 20 18 
18 18 20 21 19 26 20 12 25 18 
19 20 28 23 19 20 26 20 25 20 
19 28 26 29 26 30 29 29 30 30 
20 29 28 30 29 29 29 29 30 27 
23 19 23 22 28 21 23 40 39 48 
48 48 48 48 48 48 48 49 49 49 
49 58 58 58 58 58 58 58 58 58 
58 58 58 58 58 58 58 49 49 49 
49 49 49 50 40 95 16 16 16 16 
22 16 21 20 20 20 20 20 19 19 
19 19 20 25 22 27 20 12 21 17 
19 21 30 25 26 21 21 18 18 27 
20 29 30 30 28 27 30 29 30 30 
30 30 30 30 30 30 21 21 21 21 
21 21 21 23 30 28 30 29 24 20 
20 28 24 19 28 20 29 49 49 59 
59 59 59 59 59 59 59 59 59 59 
59 59 59 59 59 58 58 58 58 58 
58 58 58 58 58 58 58 58 58 58 
58 60 60 60 60 60 60 60 60 60 
60 60 60 60 60 60 60 57 57 57 
57 57 57 57 57 57 57 57 57 57 
57 57 57 50 50 50 50 50 50 50 
50 49 60 50 47 47 47 47 90 90 
90 90 90 90 90 90 90 90 90 90 
90 90 90 90 17 17 17 17 24 22 
24 22 22 22 22 22 22 22 22 22 
22 21 21 21 21 21 21 21 21 21 
21 19 20 16 25 19 11 16 17 17 
19 19 24 25 22 19 18 22 20 26 
28 30 31 29 25 28 30 29 30 30 
30 30 30 30 30 29 29 29 29 29 
29 29 21 29 29 28 27 26 21 25 
27 24 19 20 21 30 41 41 41 41 
46 46 46 46 54 54 54 54 54 54 
54 54 54 54 54 54 54 54 54 54 
58 58 58 58 58 58 58 58 58 58 
58 58 58 58 58 58 56 56 56 56 
56 56 56 56 56 56 56 56 56 56 
56 56 63 63 63 63 63 63 63 63 
63 63 63 63 63 63 63 63 49 49 
49 49 40 40 40 40 48 48 48 48 
57 57 57 57 57 57 57 57 57 57 
57 57 57 57 57 57 70 70 70 70 
70 70 70 70 70 70 70 70 70 70 
70 70 80 80 80 80 80 80 80 80 
80 80 80 80 80 80 80 80 14 14 
14 14 19 22 24 24 24 24 15 15 
15 15 18 13 17 20 18 10 13 15 
19 20 20 20 19 28 22 24 28 24 
29 32 28 32 35 30 25 30 29 30 
27 23 26 30 27 24 28 29 30 27 
23 20 20 20 60 59 49 49 49 49 
65 65 65 65 65 65 65 65 65 65 
65 65 65 65 65 65 59 59 59 59 
59 59 59 59 59 59 59 59 59 59 
59 59 67 67 67 67 67 67 67 67 
67 67 67 67 67 67 67 67 60 60 
60 60 60 60 60 60 60 60 60 60 
60 60 60 60 65 65 65 65 65 65 
65 65 65 65 65 65 65 65 65 65 
47 47 47 47 40 40 40 40 41 41 
41 41 93 93 93 93 93 93 93 93 
93 93 93 93 93 93 93 93 98 98 
98 98 98 98 98 98 98 98 98 98 
98 98 98 98 15 15 15 15 17 21 
23 15 20 20 18 19 10 12 13 20 
20 20 22 16 22 21 30 30 29 34 
36 30 37 33 30 30 30 29 29 28 
24 26 30 27 26 28 30 29 24 21 
21 21 67 67 67 60 60 60 60 60 
60 60 60 60 60 60 60 60 60 60 
60 70 70 70 70 70 70 70 70 70 
70 70 70 70 70 70 70 70 70 70 
70 70 70 70 70 70 70 70 70 70 
70 70 70 70 70 70 70 70 70 70 
70 70 70 70 70 70 70 70 70 63 
63 63 63 63 63 63 63 63 63 63 
63 63 63 63 63 60 60 60 60 60 
60 60 60 60 60 60 60 60 60 60 
60 44 44 44 44 39 39 39 39 40 
40 40 40 58 58 58 58 58 58 58 
58 58 58 58 58 58 58 58 58 78 
78 78 78 78 78 78 78 78 78 78 
78 78 78 78 78 110 110 110 110 110 
110 110 110 110 110 110 110 110 110 110 
110 6 6 6 6 28 29 25 21 19 
20 17 11 13 13 15 17 20 19 23 
22 26 28 30 39 35 39 36 34 29 
27 28 28 30 29 30 30 28 30 26 
26 26 26 26 23 24 23 22 58 58 
58 79 79 79 79 79 79 79 79 79 
79 79 79 79 79 79 79 85 85 85 
85 85 85 85 85 85 85 85 85 85 
85 85 85 65 65 65 65 65 65 65 
65 65 65 65 65 65 65 65 65 69 
69 69 69 69 69 69 69 69 69 69 
69 69 69 69 69 69 69 69 69 69 
69 69 69 69 69 69 69 69 69 69 
69 69 69 69 69 69 69 69 69 69 
69 69 69 69 69 69 69 59 59 59 
59 59 59 59 59 59 59 59 59 59 
59 59 59 60 60 60 60 60 60 60 
60 60 60 60 60 60 60 60 60 45 
45 45 45 39 39 39 39 84 84 84 
84 84 84 84 84 84 84 84 84 84 
84 84 84 60 60 60 60 60 60 60 
60 60 60 60 60 60 60 60 60 77 
77 77 77 77 77 77 77 77 77 77 
77 77 77 77 77 8 8 8 8 32 
22 22 21 19 25 17 20 15 19 18 
19 20 21 24 26 29 31 37 36 39 
40 34 36 28 28 22 38 30 27 30 
27 30 26 25 24 23 25 27 27 25 
67 67 67 67 67 67 67 67 67 67 
67 67 67 67 67 67 76 76 76 76 
76 76 76 76 76 76 76 76 76 76 
76 76 70 70 70 70 70 70 70 70 
70 70 70 70 70 70 70 70 84 84 
84 84 84 84 84 84 84 84 84 84 
84 84 84 84 106 106 106 106 106 106 
106 106 106 106 106 106 106 106 106 106 
86 86 86 86 86 86 86 86 86 86 
86 86 86 86 86 86 59 59 59 59 
59 59 59 59 59 59 59 59 59 59 
59 59 60 60 60 60 60 60 60 60 
60 60 60 60 60 60 60 60 49 49 
49 49 56 49 39 39 39 39 92 92 
92 92 92 92 92 92 92 92 92 92 
92 92 92 92 71 71 71 71 71 71 
71 71 71 71 71 71 71 71 71 71 
69 69 69 69 69 69 69 69 69 69 
69 69 69 69 69 69 18 18 18 18 
23 20 21 24 21 21 22 19 23 22 
20 20 19 25 28 30 31 39 39 39 
36 38 29 24 36 36 30 29 28 29 
28 30 25 24 25 27 29 30 30 77 
77 90 90 90 90 90 90 90 90 90 
90 90 90 90 90 90 90 78 78 78 
78 78 78 78 78 78 78 78 78 78 
78 78 78 88 88 88 88 88 88 88 
88 88 88 88 88 88 88 88 88 79 
79 79 79 79 79 79 79 79 79 79 
79 79 79 79 79 80 80 80 80 80 
80 80 80 80 80 80 80 80 80 80 
80 80 80 80 80 80 80 80 80 80 
80 80 80 80 80 80 80 58 58 58 
58 58 58 58 58 58 58 58 58 58 
58 58 58 65 65 65 65 65 65 65 
65 65 65 65 65 65 65 65 65 50 
50 50 50 50 50 50 50 38 38 38 
38 42 42 42 42 67 67 67 67 67 
67 67 67 67 67 67 67 67 67 67 
67 36 36 36 36 69 5 19 20 20 
19 20 17 19 20 19 20 19 20 28 
29 30 30 40 39 35 40 35 31 34 
36 33 31 29 29 23 29 29 25 25 
27 69 69 81 81 81 81 81 81 81 
81 81 81 81 81 81 81 81 81 69 
69 69 69 69 69 69 69 69 69 69 
69 69 69 69 69 79 79 79 79 79 
79 79 79 79 79 79 79 79 79 79 
79 78 78 78 78 78 78 78 78 78 
78 78 78 78 78 78 78 79 79 79 
79 79 79 79 79 79 79 79 79 79 
79 79 79 87 87 87 87 87 87 87 
87 87 87 87 87 87 87 87 87 88 
88 88 88 88 88 88 88 88 88 88 
88 88 88 88 88 87 87 87 87 87 
87 87 87 87 87 87 87 87 87 87 
87 80 80 80 80 80 80 80 80 80 
80 80 80 80 80 80 80 87 87 87 
87 87 87 87 87 87 87 87 87 87 
87 87 87 80 80 80 80 80 80 80 
80 80 80 80 80 80 80 80 80 67 
67 67 67 67 67 67 67 67 67 67 
67 67 67 67 67 85 85 85 85 85 
85 85 85 85 85 85 85 85 85 85 
85 53 53 53 53 53 53 53 53 53 
53 53 53 53 53 53 53 30 30 30 
30 87 20 20 20 19 19 19 27 19 
18 26 20 19 28 24 30 28 31 32 
30 39 40 37 29 30 29 30 30 30 
30 70 70 89 89 89 89 89 89 89 
89 89 89 89 89 89 89 79 79 79 
79 79 79 79 79 79 79 79 79 79 
79 79 79 86 86 86 86 86 86 86 
86 86 86 86 86 86 86 86 86 79 
79 79 79 79 79 79 79 79 79 79 
79 79 79 79 79 74 74 74 74 74 
74 74 74 74 74 74 74 74 74 74 
74 86 86 86 86 86 86 86 86 86 
86 86 86 86 86 86 86 79 79 79 
79 79 79 79 79 79 79 79 79 79 
79 79 79 67 67 67 67 67 67 67 
67 67 67 67 67 67 67 67 67 63 
63 63 63 63 63 63 63 63 63 63 
63 63 63 63 63 70 70 70 70 70 
70 70 70 70 70 70 70 70 70 70 
70 49 49 49 49 85 85 85 85 85 
85 85 85 85 85 85 85 85 85 85 
85 87 87 87 87 87 87 87 87 87 
87 87 87 87 87 87 87 49 49 49 
49 41 41 41 41 70 27 29 29 23 
26 30 30 30 30 35 28 29 31 19 
24 29 30 29 40 40 29 30 30 29 
29 30 68 68 68 68 68 68 68 68 
68 68 68 68 68 68 68 68 76 76 
76 76 76 76 76 76 76 76 76 76 
76 76 74 74 74 74 74 74 74 74 
74 74 74 74 74 74 74 74 79 79 
79 79 79 79 79 79 79 79 79 79 
79 79 79 79 73 73 73 73 73 73 
73 73 73 73 73 73 73 73 73 73 
88 88 88 88 88 88 88 88 88 88 
88 88 88 88 88 88 81 81 81 81 
81 81 81 81 81 81 81 81 81 81 
81 81 80 80 80 80 80 80 80 80 
80 80 80 80 80 80 80 80 71 71 
71 71 71 71 71 71 71 71 71 71 
71 71 71 71 57 57 57 57 57 57 
57 57 57 57 57 57 57 57 57 57 
96 96 96 96 96 96 96 96 96 96 
96 96 96 96 96 96 128 128 128 128 
128 128 128 128 128 128 128 128 128 128 
128 128 89 89 89 89 89 89 89 89 
89 89 89 89 89 89 89 89 98 98 
98 98 98 98 98 98 98 98 98 98 
98 98 98 98 54 54 54 54 54 54 
54 54 54 54 54 54 54 54 54 54 
39 39 39 39 68 28 28 28 28 29 
25 29 28 30 30 34 30 39 30 30 
23 36 28 30 30 32 28 29 29 29 
20 29 76 76 76 76 76 76 76 76 
76 76 76 87 90 90 90 78 78 78 
78 78 78 78 78 78 78 78 78 78 
78 78 78 64 64 64 64 64 64 64 
64 64 64 64 64 64 64 64 64 73 
73 73 73 73 73 73 73 73 73 73 
73 73 73 73 73 76 76 76 76 76 
76 76 76 76 76 76 76 76 76 76 
76 94 94 94 94 94 94 94 94 94 
94 94 94 94 94 94 94 88 88 88 
88 88 88 88 88 88 88 88 88 88 
88 88 88 70 70 70 70 70 70 70 
70 70 70 70 70 70 70 70 70 76 
76 76 76 76 76 76 76 76 76 76 
76 76 76 76 76 89 89 89 89 89 
89 89 89 89 89 89 89 89 89 89 
89 77 77 77 77 77 77 77 77 77 
77 77 77 77 77 77 77 87 87 87 
87 87 87 87 87 87 87 87 87 87 
87 87 87 111 111 111 111 111 111 111 
111 111 111 111 111 111 111 111 111 65 
65 65 65 65 65 65 65 65 65 65 
65 65 65 65 65 37 37 37 37 56 
56 56 56 56 56 56 56 56 56 56 
56 56 56 56 56 29 29 29 29 25 
26 29 36 36 39 37 29 28 28 25 
22 29 29 29 25 30 28 29 25 23 
29 97 97 76 81 81 81 81 81 81 
81 81 81 81 81 81 81 81 81 80 
80 80 80 80 80 80 80 80 80 80 
80 80 80 80 80 79 79 79 79 79 
79 79 79 79 79 79 79 79 79 79 
79 86 86 86 86 86 86 86 86 86 
86 86 86 86 86 86 86 95 95 95 
95 95 95 95 95 95 95 95 95 95 
95 95 95 81 81 81 81 81 81 81 
81 81 81 81 81 81 81 81 81 73 
73 73 73 73 73 73 73 73 73 73 
73 73 73 73 73 75 75 75 75 75 
75 75 75 75 75 75 75 75 75 75 
75 88 88 88 88 88 88 88 88 88 
88 88 88 88 88 88 88 129 129 129 
129 129 129 129 129 129 129 129 129 129 
129 129 129 93 93 93 93 93 93 93 
93 93 93 93 93 93 93 93 93 98 
98 98 98 98 98 98 98 98 98 98 
98 98 98 98 98 98 98 98 98 98 
98 98 98 98 98 98 98 98 98 98 
98 105 105 105 105 105 105 105 105 105 
105 105 105 105 105 105 105 123 123 123 
123 123 123 123 123 123 123 123 123 123 
123 123 123 31 31 31 31 28 28 28 
28 28 33 38 39 37 29 32 36 37 
28 29 29 29 29 23 26 27 29 30 
26 28 97 97 87 87 87 87 87 87 
87 87 87 87 87 87 87 87 87 87 
99 99 99 99 99 99 99 99 99 99 
99 99 99 99 99 99 91 91 91 91 
91 91 91 91 91 91 91 91 91 91 
91 91 79 79 79 79 79 79 79 79 
79 79 79 79 79 79 79 79 88 88 
88 88 88 88 88 88 88 88 88 88 
88 88 88 88 76 76 76 76 76 76 
76 76 76 76 76 76 76 76 76 76 
79 79 79 79 79 79 79 79 79 79 
79 79 79 79 79 79 108 108 108 108 
108 108 108 108 108 108 108 108 108 108 
108 108 132 132 132 132 132 132 132 132 
132 132 132 132 132 132 132 132 120 120 
120 120 120 120 120 120 120 120 120 120 
120 120 120 120 109 109 109 109 109 109 
109 109 109 109 109 109 109 109 109 109 
120 120 120 120 120 120 120 120 120 120 
120 120 120 120 120 120 108 108 108 108 
108 108 108 108 108 108 108 108 108 108 
108 108 107 107 107 107 107 107 107 107 
107 107 107 107 107 107 107 107 107 107 
107 107 107 107 107 107 107 107 107 107 
107 107 107 107 129 129 129 129 129 129 
129 129 129 129 129 129 129 129 129 129 
26 26 26 26 35 40 40 38 34 36 
40 33 34 28 28 30 30 29 22 26 
28 95 95 95 95 95 95 95 95 95 
95 95 95 95 94 94 94 94 94 94 
94 94 94 94 94 94 94 94 94 94 
83 83 83 83 83 83 83 83 83 83 
83 83 83 83 83 83 93 93 93 93 
93 93 93 93 93 93 93 93 93 93 
93 93 121 121 121 121 121 121 121 121 
121 121 121 121 121 121 121 121 111 111 
111 111 111 111 111 111 111 111 111 111 
111 111 111 111 98 98 98 98 98 98 
98 98 98 98 98 98 98 98 98 98 
100 100 100 100 100 100 100 100 100 100 
100 100 100 100 100 100 116 116 116 116 
116 116 116 116 116 116 116 116 116 116 
116 116 134 134 134 134 134 134 134 134 
134 134 134 134 134 134 134 134 105 105 
105 105 105 105 105 105 105 105 105 105 
105 105 105 105 139 139 139 139 139 139 
139 139 139 139 139 139 139 139 139 139 
119 119 119 119 119 119 119 119 119 119 
119 119 119 119 119 119 108 108 108 108 
108 108 108 108 108 108 108 108 108 108 
108 108 119 119 119 119 119 119 119 119 
119 119 119 119 119 119 119 119 120 120 
120 120 120 120 120 120 120 120 120 120 
120 120 120 120 146 146 146 146 146 146 
146 146 146 146 146 146 146 146 146 146 
26 26 26 26 33 38 37 32 31 38 
34 40 39 40 30 30 38 30 99 99 
98 98 98 98 98 98 98 98 98 98 
98 98 98 98 98 98 100 100 100 100 
100 100 100 100 100 100 100 100 100 100 
100 100 103 103 103 103 103 103 103 103 
103 103 103 103 103 103 103 103 105 105 
105 105 105 105 105 105 105 105 105 105 
105 105 105 105 106 106 106 106 106 106 
106 106 106 106 106 106 106 106 106 106 
109 109 109 109 109 109 109 109 109 109 
109 109 109 109 109 109 146 146 146 146 
146 146 146 146 146 146 146 146 146 146 
146 146 128 128 128 128 128 128 128 128 
128 128 128 128 128 128 128 128 123 123 
123 123 123 123 123 123 123 123 123 123 
123 123 123 123 148 148 148 148 148 148 
148 148 148 148 148 148 148 148 148 148 
148 148 148 148 148 148 148 148 148 148 
148 148 148 148 148 148 124 124 124 124 
124 124 124 124 124 124 124 124 124 124 
124 124 128 128 128 128 128 128 128 128 
128 128 128 128 128 128 128 128 156 156 
156 156 156 156 156 156 156 156 156 156 
156 156 156 156 117 117 117 117 117 117 
117 117 117 117 117 117 117 117 117 117 
126 126 126 126 126 126 126 126 126 126 
126 126 126 126 126 126 111 111 111 111 
111 111 111 111 111 111 111 111 111 111 
111 111 31 31 31 31 30 39 34 38 
40 35 40 43 40 29 39 39 139 139 
139 139 139 139 139 139 139 139 139 139 
139 139 139 139 139 139 139 108 108 108 
108 108 108 108 108 108 108 108 108 108 
108 108 108 115 115 115 115 115 115 115 
115 115 115 115 115 115 115 115 115 107 
107 107 107 107 107 107 107 107 107 107 
107 107 107 107 107 120 120 120 120 120 
120 120 120 120 120 120 120 120 120 120 
120 120 120 120 120 120 120 120 120 120 
120 120 120 120 120 120 120 131 131 131 
131 131 131 131 131 131 131 131 131 131 
131 131 131 161 161 161 161 161 161 161 
161 161 161 161 161 161 161 161 161 157 
157 157 157 157 157 157 157 157 157 157 
157 157 157 157 157 140 140 140 140 140 
140 140 140 140 140 140 140 140 140 140 
140 150 150 150 150 150 150 150 150 150 
150 150 150 150 150 150 150 129 129 129 
129 129 129 129 129 129 129 129 129 129 
129 129 129 127 127 127 127 127 127 127 
127 127 127 127 127 127 127 127 127 135 
135 135 135 135 135 135 135 135 135 135 
135 135 135 135 135 125 125 125 125 125 
125 125 125 125 125 125 125 125 125 125 
125 84 84 84 84 84 84 84 84 84 
84 84 84 84 84 84 84 99 99 99 
99 99 99 99 99 99 99 99 99 99 
99 99 99 26 26 26 26 33 39 40 
40 33 40 39 43 40 36 31 123 119 
119 119 119 119 119 119 119 119 119 119 
119 119 119 119 129 129 129 129 129 129 
129 129 129 129 129 129 129 129 129 129 
158 158 158 158 158 158 158 158 158 158 
158 158 158 158 158 158 120 120 120 120 
120 120 120 120 120 120 120 120 120 120 
120 120 131 131 131 131 131 131 131 131 
131 131 131 131 131 131 131 131 131 131 
131 131 131 131 131 131 131 131 131 131 
131 131 131 131 171 171 171 171 171 171 
171 171 171 171 171 171 171 171 171 171 
177 177 177 177 177 177 177 177 177 177 
177 177 177 177 177 177 154 154 154 154 
154 154 154 154 154 154 154 154 154 154 
154 154 156 156 156 156 156 156 156 156 
156 156 156 156 156 156 156 156 176 176 
176 176 176 176 176 176 176 176 176 176 
176 176 176 176 172 172 172 172 172 172 
172 172 172 172 172 172 172 172 172 172 
149 149 149 149 149 149 149 149 149 149 
149 149 149 149 149 149 122 122 122 122 
122 122 122 122 122 122 122 122 122 122 
122 122 104 104 104 104 104 104 104 104 
104 104 104 104 104 104 104 104 136 136 
136 136 136 136 136 136 136 136 136 136 
136 136 136 136 118 118 118 118 118 118 
118 118 118 118 118 118 118 118 118 118 
82 82 82 82 82 82 82 82 82 82 
82 82 82 82 82 82 40 40 40 40 
40 40 40 38 39 42 40 39 39 33 
144 144 144 144 144 144 144 144 144 144 
144 144 178 178 178 178 178 178 178 178 
178 178 178 178 178 178 178 178 157 157 
157 157 157 157 157 157 157 157 157 157 
157 157 157 157 142 142 142 142 142 142 
142 142 142 142 142 142 142 142 142 142 
168 168 168 168 168 168 168 168 168 168 
168 168 168 168 168 168 151 151 151 151 
151 151 151 151 151 151 151 151 151 151 
151 151 161 161 161 161 161 161 161 161 
161 161 161 161 161 161 161 161 175 175 
175 175 175 175 175 175 175 175 175 175 
175 175 175 175 187 187 187 187 187 187 
187 187 187 187 187 187 187 187 187 187 
155 155 155 155 155 155 155 155 155 155 
155 155 155 155 155 155 150 150 150 150 
150 150 150 150 150 150 150 150 150 150 
150 150 160 160 160 160 160 160 160 160 
160 160 160 160 160 160 160 160 149 149 
149 149 149 149 149 149 149 149 149 149 
149 149 149 149 137 137 137 137 137 137 
137 137 137 137 137 137 137 137 137 137 
148 148 148 148 148 148 148 148 148 148 
148 148 148 148 148 148 100 100 100 100 
100 100 100 100 100 100 100 100 100 100 
100 100 119 119 119 119 119 119 119 119 
119 119 119 119 119 119 119 119 114 114 
114 114 114 114 114 114 114 114 114 114 
114 114 114 114 65 65 65 65 65 65 
65 65 65 65 65 65 65 65 65 65 
40 40 40 40 40 39 37 29 29 30 
36 29 29 149 149 149 149 149 149 149 
149 149 149 149 149 168 168 168 168 168 
168 168 168 168 168 168 168 168 168 168 
168 162 162 162 162 162 162 162 162 162 
162 162 162 162 162 162 162 158 158 158 
158 158 158 158 158 158 158 158 158 158 
158 158 158 158 158 158 158 158 158 158 
158 158 158 158 158 158 158 158 158 158 
158 158 158 158 158 158 158 158 158 158 
158 158 158 158 158 189 189 189 189 189 
189 189 189 189 189 189 189 189 189 189 
189 193 193 193 193 193 193 193 193 193 
193 193 193 193 193 193 193 159 159 159 
159 159 159 159 159 159 159 159 159 159 
159 159 159 185 185 185 185 185 185 185 
185 185 185 185 185 185 185 185 185 176 
176 176 176 176 176 176 176 176 176 176 
176 176 176 176 176 148 148 148 148 148 
148 148 148 148 148 148 148 148 148 148 
148 148 148 148 148 148 148 148 148 148 
148 148 148 148 148 148 148 120 120 120 
120 120 120 120 120 120 120 120 120 120 
120 120 120 142 142 142 142 142 142 142 
142 142 142 142 142 142 142 142 142 96 
96 96 96 96 96 96 96 96 96 96 
96 96 96 96 96 141 141 141 141 141 
141 141 141 141 141 141 141 141 141 141 
141 136 136 136 136 136 136 136 136 136 
136 136 136 136 136 136 136 52 52 52 
52 52 52 52 52 52 52 52 52 52 
52 52 52 34 34 34 34 39 39 39 
39 38 40 32 25 26 123 123 123 123 
123 123 123 123 123 123 123 167 167 167 
167 167 167 167 167 167 167 167 167 167 
167 167 167 179 179 179 179 179 179 179 
179 179 179 179 179 179 179 179 179 149 
149 149 149 149 149 149 149 149 149 149 
149 149 149 149 149 139 139 139 139 139 
139 139 139 139 139 139 139 139 139 139 
139 169 169 169 169 169 169 169 169 169 
169 169 169 169 169 169 169 181 181 181 
181 181 181 181 181 181 181 181 181 181 
181 181 181 188 188 188 188 188 188 188 
188 188 188 188 188 188 188 188 188 158 
158 158 158 158 158 158 158 158 158 158 
158 158 158 158 158 175 175 175 175 175 
175 175 175 175 175 175 175 175 175 175 
175 165 165 165 165 165 165 165 165 165 
165 165 165 165 165 165 165 174 174 174 
174 174 174 174 174 174 174 174 174 174 
174 174 174 147 147 147 147 147 147 147 
147 147 147 147 147 147 147 147 147 138 
138 138 138 138 138 138 138 138 138 138 
138 138 138 138 138 142 142 142 142 142 
142 142 142 142 142 142 142 142 142 142 
142 116 116 116 116 116 116 116 116 116 
116 116 116 116 116 116 116 128 128 128 
128 128 128 128 128 128 128 128 128 128 
128 128 128 140 140 140 140 140 140 140 
140 140 140 140 140 140 140 140 140 90 
90 90 90 90 90 90 90 90 90 90 
90 90 90 90 90 60 60 60 60 60 
60 60 60 60 60 60 60 60 60 60 
60 53 53 53 53 53 53 53 53 53 
53 53 53 53 53 53 53 40 40 40 
40 38 34 29 26 148 148 139 139 139 
139 139 139 139 139 139 139 139 139 139 
139 139 139 125 125 125 125 125 125 125 
125 125 125 125 125 125 125 125 125 160 
160 160 160 160 160 160 160 160 160 160 
160 160 160 160 160 131 131 131 131 131 
131 131 131 131 131 131 131 131 131 131 
131 162 162 162 162 162 162 162 162 162 
162 162 162 162 162 162 162 193 193 193 
193 193 193 193 193 193 193 193 193 193 
193 193 193 179 179 179 179 179 179 179 
179 179 179 179 179 179 179 179 179 169 
169 169 169 169 169 169 169 169 169 169 
169 169 169 169 169 158 158 158 158 158 
158 158 158 158 158 158 158 158 158 158 
158 149 149 149 149 149 149 149 149 149 
149 149 149 149 149 149 149 159 159 159 
159 159 159 159 159 159 159 159 159 159 
159 159 159 166 166 166 166 166 166 166 
166 166 166 166 166 166 166 166 166 143 
143 143 143 143 143 143 143 143 143 143 
143 143 143 143 143 140 140 140 140 140 
140 140 140 140 140 140 140 140 140 140 
140 127 127 127 127 127 127 127 127 127 
127 127 127 127 127 127 127 108 108 108 
108 108 108 108 108 108 108 108 108 108 
108 108 108 139 139 139 139 139 139 139 
139 139 139 139 139 139 139 139 139 74 
74 74 74 74 74 74 74 74 74 74 
74 74 74 74 74 47 47 47 47 47 
47 47 47 47 47 49 49 49 49 49 
49 49 50 35 30 28 35 138 138 160 
160 160 160 160 160 160 160 160 160 160 
160 160 160 160 160 140 140 140 140 140 
140 140 140 140 140 140 140 140 140 140 
140 148 148 148 148 148 148 148 148 148 
148 148 148 148 148 148 148 143 143 143 
143 143 143 143 143 143 143 143 143 143 
143 143 143 148 148 148 148 148 148 148 
148 148 148 148 148 148 148 148 148 170 
170 170 170 170 170 170 170 170 170 170 
170 170 170 170 170 169 169 169 169 169 
169 169 169 169 169 169 169 169 169 169 
169 152 152 152 152 152 152 152 152 152 
152 152 152 152 152 152 152 158 158 158 
158 158 158 158 158 158 158 158 158 158 
158 158 158 155 155 155 155 155 155 155 
155 155 155 155 155 155 155 155 155 179 
179 179 179 179 179 179 179 179 179 179 
179 179 179 179 179 160 160 160 160 160 
160 160 160 160 160 160 160 160 160 160 
160 153 153 153 153 153 153 153 153 153 
153 153 153 153 153 153 153 141 141 141 
141 141 141 141 141 141 141 141 141 141 
141 141 141 120 120 120 120 120 120 120 
120 120 120 120 120 120 120 120 120 81 
81 81 81 81 81 81 81 81 81 81 
81 81 81 81 81 89 89 89 89 89 
89 89 89 89 89 89 89 89 89 89 
89 77 77 77 77 77 77 77 77 77 
77 77 77 77 77 77 77 39 39 39 
39 53 50 37 25 30 133 133 128 128 
128 128 128 128 128 128 128 128 128 128 
128 128 128 128 131 131 131 131 131 131 
131 131 131 131 131 131 131 131 131 131 
149 149 149 149 149 149 149 149 149 149 
149 149 149 149 149 149 141 141 141 141 
141 141 141 141 141 141 141 141 141 141 
141 141 145 145 145 145 145 145 145 145 
145 145 145 145 145 145 145 145 144 144 
144 144 144 144 144 144 144 144 144 144 
144 144 144 144 149 149 149 149 149 149 
149 149 149 149 149 149 149 149 149 149 
135 135 135 135 135 135 135 135 135 135 
135 135 135 135 135 135 179 179 179 179 
179 179 179 179 179 179 179 179 179 179 
179 179 140 140 140 140 140 140 140 140 
140 140 140 140 140 140 140 140 120 120 
120 120 120 120 120 120 120 120 120 120 
120 120 120 120 146 146 146 146 146 146 
146 146 146 146 146 146 146 146 146 146 
128 128 128 128 128 128 128 128 128 128 
128 128 128 128 128 128 137 137 137 137 
137 137 137 137 137 137 137 137 137 137 
137 137 103 103 103 103 103 103 103 103 
103 103 103 103 103 103 103 103 63 63 
63 63 63 63 63 63 63 63 63 63 
63 63 63 63 69 69 69 69 69 69 
69 69 69 69 69 69 69 69 69 69 
69 69 69 69 69 69 69 69 69 69 
69 69 69 69 69 69 32 32 32 32 
32 32 32 32 32 32 34 33 30 30 
26 127 127 127 127 127 127 127 127 127 
127 127 127 127 127 127 113 113 113 113 
113 113 113 113 113 113 113 113 113 113 
113 113 131 131 131 131 131 131 131 131 
131 131 131 131 131 131 131 131 158 158 
158 158 158 158 158 158 158 158 158 158 
158 158 158 158 125 125 125 125 125 125 
125 125 125 125 125 125 125 125 125 125 
90 90 90 90 90 90 90 90 90 90 
90 90 90 90 90 90 120 120 120 120 
120 120 120 120 120 120 120 120 120 120 
120 120 149 149 149 149 149 149 149 149 
149 149 149 149 149 149 149 149 92 92 
92 92 92 92 92 92 92 92 92 92 
92 92 92 92 85 85 85 85 85 85 
85 85 85 85 85 85 85 85 85 85 
73 73 73 73 73 73 73 73 73 73 
73 73 73 73 73 73 154 154 154 154 
154 154 154 154 154 154 154 154 154 154 
154 154 96 96 96 96 96 96 96 96 
96 96 96 96 96 96 96 96 130 130 
130 130 130 130 130 130 130 130 130 130 
130 130 130 130 113 113 113 113 113 113 
113 113 113 113 113 113 113 113 113 113 
71 71 71 71 71 71 71 71 71 71 
71 71 71 71 71 71 115 115 115 115 
115 115 115 115 115 115 115 115 115 115 
115 115 61 61 61 61 61 61 61 61 
61 61 61 61 61 61 61 61 49 49 
49 49 37 46 39 104 104 104 90 90 
90 90 90 90 90 90 90 90 90 90 
90 90 90 90 116 116 116 116 116 116 
116 116 116 116 116 116 116 116 116 116 
119 119 119 119 119 119 119 119 119 119 
119 119 119 119 119 119 99 99 99 99 
99 99 99 99 99 99 99 99 99 99 
99 99 92 92 92 92 92 92 92 92 
92 92 92 92 92 92 92 92 96 96 
96 96 96 96 96 96 96 96 96 96 
96 96 96 96 93 93 93 93 93 93 
93 93 93 93 93 93 93 93 93 93 
89 89 89 89 89 89 89 89 89 89 
89 89 89 89 89 89 81 81 81 81 
81 81 81 81 81 81 81 81 81 81 
81 81 79 79 79 79 79 79 79 79 
79 79 79 79 79 79 79 79 86 86 
86 86 86 86 86 86 86 86 86 86 
86 86 86 86 105 105 105 105 105 105 
105 105 105 105 105 105 105 105 105 105 
100 100 100 100 100 100 100 100 100 100 
100 100 100 100 100 100 78 78 78 78 
78 78 78 78 78 78 78 78 78 78 
78 78 68 68 68 68 68 68 68 68 
68 68 68 68 68 68 68 68 68 68 
68 68 68 68 68 68 68 68 68 68 
68 68 68 68 50 50 50 50 44 62 
46 36 81 83 83 83 83 83 83 83 
83 83 83 83 83 83 83 83 94 94 
94 94 94 94 94 94 94 94 94 94 
94 94 94 94 102 102 102 102 102 102 
102 102 102 102 102 102 102 102 102 102 
133 133 133 133 133 133 133 133 133 133 
133 133 133 133 133 133 75 75 75 75 
75 75 75 75 75 75 75 75 75 75 
75 75 90 90 90 90 90 90 90 90 
90 90 90 90 90 90 90 90 90 90 
90 90 90 90 90 90 90 90 90 90 
90 90 90 90 79 79 79 79 79 79 
79 79 79 79 79 79 79 79 79 79 
78 78 78 78 78 78 78 78 78 78 
78 78 78 78 78 78 70 70 70 70 
70 70 70 70 70 70 70 70 70 70 
70 70 84 84 84 84 84 84 84 84 
84 84 84 84 84 84 84 84 80 80 
80 80 80 80 80 80 80 80 80 80 
80 80 80 80 95 95 95 95 95 95 
95 95 95 95 95 95 95 95 95 95 
81 81 81 81 81 81 81 81 81 81 
81 81 81 81 81 81 77 77 77 77 
77 77 77 77 77 77 77 77 77 77 
77 77 77 77 77 77 77 77 77 77 
77 77 77 77 77 77 77 77 50 50 
50 50 64 59 49 87 87 87 109 109 
109 109 109 109 109 109 109 109 109 109 
109 109 109 109 127 127 127 127 127 127 
127 127 127 127 127 127 127 127 127 127 
110 110 110 110 110 110 110 110 110 110 
110 110 110 110 110 110 96 96 96 96 
96 96 96 96 96 96 96 96 96 96 
96 96 94 94 94 94 94 94 94 94 
94 94 94 94 94 94 94 94 83 83 
83 83 83 83 83 83 83 83 83 83 
83 83 83 83 88 88 88 88 88 88 
88 88 88 88 88 88 88 88 88 88 
93 93 93 93 93 93 93 93 93 93 
93 93 93 93 93 93 84 84 84 84 
84 84 84 84 84 84 84 84 84 84 
84 84 78 78 78 78 78 78 78 78 
78 78 78 78 78 78 78 78 71 71 
71 71 71 71 71 71 71 71 71 71 
71 71 71 71 74 74 74 74 74 74 
74 74 74 74 74 74 74 74 74 74 
71 71 71 71 71 71 71 71 71 71 
71 71 71 71 71 71 59 59 59 59 
59 59 59 59 59 59 59 59 59 59 
59 59 68 68 68 68 68 68 68 68 
68 68 68 68 68 68 68 68 55 55 
55 55 55 55 55 55 55 55 55 55 
55 55 55 55 62 62 62 58 52 115 
115 115 115 115 115 115 115 115 115 115 
115 115 115 115 115 88 88 88 88 88 
88 88 88 88 88 88 88 88 88 88 
88 100 100 100 100 100 100 100 100 100 
100 100 100 100 100 100 100 99 99 99 
99 99 99 99 99 99 99 99 99 99 
99 99 99 97 97 97 97 97 97 97 
97 97 97 97 97 97 97 97 97 100 
100 100 100 100 100 100 100 100 100 100 
100 100 100 100 100 97 97 97 97 97 
97 97 97 97 97 97 97 97 97 97 
97 101 101 101 101 101 101 101 101 101 
101 101 101 101 101 101 101 78 78 78 
78 78 78 78 78 78 78 78 78 78 
78 78 78 70 70 70 70 70 70 70 
70 70 70 70 70 70 70 70 70 62 
62 62 62 62 62 62 62 62 62 62 
62 62 62 62 62 59 59 59 59 59 
59 59 59 59 59 59 59 59 59 59 
59 70 70 70 70 70 70 70 70 70 
70 70 70 70 70 70 70 68 68 68 
68 68 68 68 68 68 68 68 68 68 
68 68 68 58 58 58 78 78 88 88 
88 88 88 88 88 88 88 88 88 88 
88 88 88 88 93 93 93 93 93 93 
93 93 93 93 93 93 93 93 93 93 
118 118 118 118 118 118 118 118 118 118 
118 118 118 118 118 118 118 118 118 118 
118 118 118 118 118 118 118 118 118 118 
118 118 97 97 97 97 97 97 97 97 
97 97 97 97 97 97 97 97 103 103 
103 103 103 103 103 103 103 103 103 103 
103 103 103 103 110 110 110 110 110 110 
110 110 110 110 110 110 110 110 110 110 
89 89 89 89 89 89 89 89 89 89 
89 89 89 89 89 89 68 68 68 68 
68 68 68 68 68 68 68 68 68 68 
68 68 75 75 75 75 75 75 75 75 
75 75 75 75 75 75 75 75 105 105 
105 105 105 105 105 105 105 105 105 105 
105 105 105 105 89 89 89 89 89 89 
89 89 89 89 89 89 89 89 89 89 
57 57 57 57 57 57 57 57 57 57 
57 57 57 57 57 57 70 70 70 70 
70 70 70 70 70 70 70 70 70 70 
70 89 89 89 89 89 89 89 89 89 
89 89 89 89 89 89 89 101 101 101 
101 101 101 101 101 101 101 101 101 101 
101 101 101 120 120 120 120 120 120 120 
120 120 120 120 120 120 120 120 120 109 
109 109 109 109 109 109 109 109 109 109 
109 109 109 109 109 99 99 99 99 99 
99 99 99 99 99 99 99 99 99 99 
99 109 109 109 109 109 109 109 109 109 
109 109 109 109 109 109 109 109 109 109 
109 109 109 109 109 109 109 109 109 109 
109 109 109 106 106 106 106 106 106 106 
106 106 106 106 106 106 106 106 106 80 
80 80 80 80 80 80 80 80 80 80 
80 80 80 80 80 93 93 93 93 93 
93 93 93 93 93 93 93 93 93 93 
93 118 118 118 118 118 118 118 118 118 
118 118 118 118 118 118 118 70 70 70 
70 70 70 70 70 70 70 70 70 70 
70 70 70 67 67 67 67 67 67 67 
67 67 67 67 67 67 67 67 67 60 
60 60 60 60 60 60 60 60 60 60 
60 60 60 60 60 69 69 69 69 69 
69 69 69 69 69 69 69 69 69 69 
69 62 62 89 108 108 108 108 108 108 
108 108 108 108 108 108 108 108 107 107 
107 107 107 107 107 107 107 107 107 107 
107 107 107 107 88 88 88 88 88 88 
88 88 88 88 88 88 88 88 88 88 
92 92 92 92 92 92 92 92 92 92 
92 92 92 92 92 92 97 97 97 97 
97 97 97 97 97 97 97 97 97 97 
97 97 110 110 110 110 110 110 110 110 
110 110 110 110 110 110 110 110 98 98 
98 98 98 98 98 98 98 98 98 98 
98 98 98 98 86 86 86 86 86 86 
86 86 86 86 86 86 86 86 86 86 
96 96 96 96 96 96 96 96 96 96 
96 96 96 96 96 96 74 74 74 74 
74 74 74 74 74 74 74 74 74 74 
74 74 80 80 80 96 96 96 79 79 
79 79 79 79 79 79 79 79 79 79 
79 79 79 79 59 111 111 99 99 99 
99 99 99 99 99 99 99 99 99 99 
99 99 99 79 79 79 79 79 79 79 
79 79 79 79 79 79 79 79 79 85 
85 85 85 85 85 85 85 85 85 85 
85 85 85 85 85 90 90 90 90 90 
90 90 90 90 90 90 90 90 90 90 
90 110 110 110 110 110 110 110 110 110 
110 110 110 110 110 110 110 110 110 110 
110 110 110 110 110 110 110 110 110 110 
110 110 110 109 109 109 109 109 109 109 
109 109 109 109 109 109 109 109 109 86 
86 86 86 86 86 86 86 86 86 86 
86 86 86 86 86 109 109 109 109 109 
109 109 109 109 109 109 109 109 109 109 
109 86 86 80 80 90 90 90 90 90 
90 90 90 90 90 90 90 90 90 90 
90 90 90 90 90 90 90 90 90 90 
90 90 90 90 89 89 89 89 89 89 
89 89 89 89 89 89 89 89 89 89 
82 82 82 82 82 82 82 82 82 82 
82 82 82 82 82 82 98 98 98 98 
98 98 98 98 98 98 98 98 98 98 
98 98 99 99 99 99 99 99 99 99 
99 99 99 99 99 99 99 99 121 121 
121 121 121 121 121 121 121 121 121 121 
121 121 121 121 90 90 90 90 90 90 
90 90 90 90 90 90 90 93 93 93 
93 93 93 93 93 93 93 93 93 93 
93 93 93 87 95 95 95 95 95 95 
95 95 95 95 95 95 95 95 102 102 
102 102 102 102 102 102 102 102 102 102 
102 102 102 102 102 102 102 102 102 102 
102 102 102 102 102 102 102 102 102 102 
106 106 106 106 106 106 106 106 106 106 
106 106 106 106 106 106 110 110 110 110 
110 110 110 110 110 110 110 110 110 110 
110 110 112 112 100 100 100 100 100 100 
100 100 100 100 100 100 80 80 113 117 
117 117 117 117 117 117 117 117 117 117 
117 117 117 117 119 119 119 119 119 119 
119 119 119 119 119 119 119 119 119 119 
109 109 109 109 109 109 109 109 109 109 
109 109 109 109 109 109 108 108 108 108 
108 108 108 108 108 108 108 108 108 110 
90 90 90 90 90 90 90 90 90 90 
90 90 91 91 91 91 91 91 91 91 
91 91 91 91 117 117 126 126 126 126 
126 126 126 126 126 126 126 126 126 126 
126 126 110 110 110 110 110 110 110 110 
110 110 110 110 110 107 89 89 79 79 
130 130 120 